bug#	Dev#	Effort	jdt	jface	core	swt	ui	debug	ltk	text	jdi	search	compare	other
51262	18	127.67	0.983	0.000	0.000	0.000	0.000	0.000	0.000	0.000	0.000	0.000	0.000	0.017
52673	18	2.00	0.983	0.000	0.000	0.000	0.000	0.000	0.000	0.000	0.000	0.000	0.000	0.017
56731	4	21.33	1.000	0.000	0.000	0.000	0.000	0.000	0.000	0.000	0.000	0.000	0.000	0.000
58461	18	1.00	1.000	0.000	0.000	0.000	0.000	0.000	0.000	0.000	0.000	0.000	0.000	0.000
58715	19	8.00	1.000	0.000	0.000	0.000	0.000	0.000	0.000	0.000	0.000	0.000	0.000	0.000
58979	3	17.33	1.000	0.000	0.000	0.000	0.000	0.000	0.000	0.000	0.000	0.000	0.000	0.000
59641	19	2.00	0.961	0.000	0.039	0.000	0.000	0.000	0.000	0.000	0.000	0.000	0.000	0.000
59723	2	1.00	0.900	0.000	0.100	0.000	0.000	0.000	0.000	0.000	0.000	0.000	0.000	0.000
59983	19	4.00	1.000	0.000	0.000	0.000	0.000	0.000	0.000	0.000	0.000	0.000	0.000	0.000
60563	7	60.00	0.976	0.000	0.024	0.000	0.000	0.000	0.000	0.000	0.000	0.000	0.000	0.000
60681	19	59.33	0.956	0.000	0.044	0.000	0.000	0.000	0.000	0.000	0.000	0.000	0.000	0.000
62292	18	3.00	0.933	0.000	0.044	0.000	0.000	0.000	0.000	0.000	0.000	0.000	0.000	0.022
63555	9	8.00	0.933	0.000	0.067	0.000	0.000	0.000	0.000	0.000	0.000	0.000	0.000	0.000
63556	18	22.00	0.933	0.000	0.044	0.000	0.000	0.000	0.000	0.000	0.000	0.000	0.000	0.022
63590	19	5.00	0.974	0.000	0.026	0.000	0.000	0.000	0.000	0.000	0.000	0.000	0.000	0.000
65503	8	123.33	0.974	0.000	0.000	0.000	0.000	0.000	0.000	0.000	0.000	0.000	0.000	0.026
65870	18	18.67	1.000	0.000	0.000	0.000	0.000	0.000	0.000	0.000	0.000	0.000	0.000	0.000
65943	12	198.67	0.556	0.000	0.444	0.000	0.000	0.000	0.000	0.000	0.000	0.000	0.000	0.000
66204	15	448.00	0.393	0.054	0.125	0.321	0.036	0.071	0.000	0.000	0.000	0.000	0.000	0.000
66570	5	494.00	0.938	0.000	0.063	0.000	0.000	0.000	0.000	0.000	0.000	0.000	0.000	0.000
66908	5	458.67	0.938	0.000	0.063	0.000	0.000	0.000	0.000	0.000	0.000	0.000	0.000	0.000
67790	18	425.33	0.958	0.000	0.036	0.000	0.000	0.000	0.000	0.000	0.000	0.000	0.000	0.006
68006	5	2.00	0.933	0.000	0.044	0.000	0.000	0.000	0.000	0.000	0.000	0.000	0.000	0.022
68133	18	69.00	0.939	0.000	0.049	0.000	0.000	0.000	0.000	0.000	0.000	0.000	0.000	0.012
68602	9	36.33	0.952	0.000	0.048	0.000	0.000	0.000	0.000	0.000	0.000	0.000	0.000	0.000
68837	18	8.00	0.952	0.000	0.048	0.000	0.000	0.000	0.000	0.000	0.000	0.000	0.000	0.000
68862	12	8.00	0.611	0.000	0.389	0.000	0.000	0.000	0.000	0.000	0.000	0.000	0.000	0.000
68891	19	8.00	1.000	0.000	0.000	0.000	0.000	0.000	0.000	0.000	0.000	0.000	0.000	0.000
68981	5	1.00	1.000	0.000	0.000	0.000	0.000	0.000	0.000	0.000	0.000	0.000	0.000	0.000
68998	19	44.00	0.986	0.000	0.011	0.000	0.000	0.000	0.000	0.000	0.000	0.000	0.000	0.003
69141	13	38.67	0.935	0.000	0.065	0.000	0.000	0.000	0.000	0.000	0.000	0.000	0.000	0.000
69170	9	45.33	0.977	0.000	0.023	0.000	0.000	0.000	0.000	0.000	0.000	0.000	0.000	0.000
69180	11	1.00	1.000	0.000	0.000	0.000	0.000	0.000	0.000	0.000	0.000	0.000	0.000	0.000
69251	12	21.00	0.973	0.000	0.027	0.000	0.000	0.000	0.000	0.000	0.000	0.000	0.000	0.000
69288	6	7.00	0.977	0.000	0.023	0.000	0.000	0.000	0.000	0.000	0.000	0.000	0.000	0.000
69308	13	24.00	0.909	0.030	0.030	0.000	0.000	0.000	0.000	0.030	0.000	0.000	0.000	0.000
69320	17	114.67	1.000	0.000	0.000	0.000	0.000	0.000	0.000	0.000	0.000	0.000	0.000	0.000
69349	15	8.00	0.950	0.000	0.050	0.000	0.000	0.000	0.000	0.000	0.000	0.000	0.000	0.000
69351	14	132.00	1.000	0.000	0.000	0.000	0.000	0.000	0.000	0.000	0.000	0.000	0.000	0.000
69353	19	1.00	0.953	0.000	0.047	0.000	0.000	0.000	0.000	0.000	0.000	0.000	0.000	0.000
69359	20	56.00	0.983	0.000	0.017	0.000	0.000	0.000	0.000	0.000	0.000	0.000	0.000	0.000
69375	6	10.67	0.846	0.000	0.154	0.000	0.000	0.000	0.000	0.000	0.000	0.000	0.000	0.000
69542	19	23.67	0.984	0.000	0.016	0.000	0.000	0.000	0.000	0.000	0.000	0.000	0.000	0.000
69598	5	270.67	1.000	0.000	0.000	0.000	0.000	0.000	0.000	0.000	0.000	0.000	0.000	0.000
69713	7	8.00	0.889	0.000	0.111	0.000	0.000	0.000	0.000	0.000	0.000	0.000	0.000	0.000
69776	11	19.67	0.959	0.000	0.041	0.000	0.000	0.000	0.000	0.000	0.000	0.000	0.000	0.000
69799	12	69.33	1.000	0.000	0.000	0.000	0.000	0.000	0.000	0.000	0.000	0.000	0.000	0.000
69800	19	69.33	1.000	0.000	0.000	0.000	0.000	0.000	0.000	0.000	0.000	0.000	0.000	0.000
69806	18	0.00	0.810	0.000	0.121	0.000	0.000	0.000	0.000	0.069	0.000	0.000	0.000	0.000
69931	16	131.00	0.909	0.000	0.091	0.000	0.000	0.000	0.000	0.000	0.000	0.000	0.000	0.000
70053	19	61.00	0.882	0.000	0.118	0.000	0.000	0.000	0.000	0.000	0.000	0.000	0.000	0.000
70243	14	39.00	0.900	0.000	0.100	0.000	0.000	0.000	0.000	0.000	0.000	0.000	0.000	0.000
70247	19	30.67	1.000	0.000	0.000	0.000	0.000	0.000	0.000	0.000	0.000	0.000	0.000	0.000
70292	11	189.67	0.944	0.000	0.056	0.000	0.000	0.000	0.000	0.000	0.000	0.000	0.000	0.000
70398	18	8.00	0.968	0.000	0.032	0.000	0.000	0.000	0.000	0.000	0.000	0.000	0.000	0.000
70567	15	1.00	0.492	0.033	0.115	0.262	0.066	0.033	0.000	0.000	0.000	0.000	0.000	0.000
70606	19	1.00	1.000	0.000	0.000	0.000	0.000	0.000	0.000	0.000	0.000	0.000	0.000	0.000
70609	19	1.00	1.000	0.000	0.000	0.000	0.000	0.000	0.000	0.000	0.000	0.000	0.000	0.000
70611	18	60.00	0.973	0.000	0.027	0.000	0.000	0.000	0.000	0.000	0.000	0.000	0.000	0.000
70616	19	1.00	1.000	0.000	0.000	0.000	0.000	0.000	0.000	0.000	0.000	0.000	0.000	0.000
70618	14	1.00	1.000	0.000	0.000	0.000	0.000	0.000	0.000	0.000	0.000	0.000	0.000	0.000
70656	14	40.00	1.000	0.000	0.000	0.000	0.000	0.000	0.000	0.000	0.000	0.000	0.000	0.000
70717	18	5.00	0.973	0.000	0.000	0.000	0.000	0.000	0.000	0.000	0.000	0.000	0.000	0.027
70767	19	27.33	0.961	0.000	0.039	0.000	0.000	0.000	0.000	0.000	0.000	0.000	0.000	0.000
70969	13	13.33	0.962	0.000	0.038	0.000	0.000	0.000	0.000	0.000	0.000	0.000	0.000	0.000
70975	19	1.00	0.882	0.000	0.118	0.000	0.000	0.000	0.000	0.000	0.000	0.000	0.000	0.000
70984	18	1.00	0.953	0.000	0.037	0.000	0.000	0.000	0.000	0.000	0.000	0.000	0.000	0.009
71007	18	1.00	0.953	0.000	0.037	0.000	0.000	0.000	0.000	0.000	0.000	0.000	0.000	0.009
71579	15	30.67	0.000	0.176	0.118	0.059	0.588	0.059	0.000	0.000	0.000	0.000	0.000	0.000
71672	18	2.00	0.958	0.000	0.036	0.000	0.000	0.000	0.000	0.000	0.000	0.000	0.000	0.006
71702	5	48.00	0.980	0.000	0.000	0.000	0.000	0.000	0.000	0.000	0.000	0.000	0.000	0.020
71705	1	1.00	1.000	0.000	0.000	0.000	0.000	0.000	0.000	0.000	0.000	0.000	0.000	0.000
71852	5	33.33	0.860	0.000	0.140	0.000	0.000	0.000	0.000	0.000	0.000	0.000	0.000	0.000