bug#	Dev#	Effort	jdt	jface	core	swt	ui	debug	ltk	text	jdi	search	compare	other
80736	14	278.67	1.0000	0.0000	0.0000	0.0000	0.0000	0.0000	0.0000	0.0000	0.0000	0.0000	0.0000	0.0000
81083	2	244.00	0.2261	0.3152	0.0913	0.0891	0.2717	0.0000	0.0000	0.0000	0.0000	0.0022	0.0000	0.0043
81084	10	82.67	0.7826	0.0000	0.0435	0.0000	0.0000	0.0000	0.1739	0.0000	0.0000	0.0000	0.0000	0.0000
81128	2	181.33	0.6301	0.1503	0.1676	0.0116	0.0347	0.0000	0.0000	0.0000	0.0000	0.0000	0.0000	0.0058
81135	17	164.00	0.9125	0.0250	0.0625	0.0000	0.0000	0.0000	0.0000	0.0000	0.0000	0.0000	0.0000	0.0000
81138	20	170.67	0.8204	0.0268	0.0509	0.0000	0.0000	0.0000	0.0751	0.0214	0.0000	0.0000	0.0000	0.0054
81146	20	172.00	0.8659	0.0000	0.0447	0.0000	0.0000	0.0000	0.0670	0.0168	0.0000	0.0000	0.0000	0.0056
81376	10	64.00	1.0000	0.0000	0.0000	0.0000	0.0000	0.0000	0.0000	0.0000	0.0000	0.0000	0.0000	0.0000
81417	12	150.00	0.9000	0.0000	0.1000	0.0000	0.0000	0.0000	0.0000	0.0000	0.0000	0.0000	0.0000	0.0000
81513	10	31.00	1.0000	0.0000	0.0000	0.0000	0.0000	0.0000	0.0000	0.0000	0.0000	0.0000	0.0000	0.0000
81519	7	158.67	0.4000	0.0000	0.0000	0.0500	0.2000	0.3500	0.0000	0.0000	0.0000	0.0000	0.0000	0.0000
81535	14	168.00	1.0000	0.0000	0.0000	0.0000	0.0000	0.0000	0.0000	0.0000	0.0000	0.0000	0.0000	0.0000
81556	10	150.33	0.7045	0.0000	0.2955	0.0000	0.0000	0.0000	0.0000	0.0000	0.0000	0.0000	0.0000	0.0000
81563	7	159.33	0.5094	0.0660	0.0849	0.0377	0.0660	0.2358	0.0000	0.0000	0.0000	0.0000	0.0000	0.0000
81568	14	159.67	0.9730	0.0000	0.0270	0.0000	0.0000	0.0000	0.0000	0.0000	0.0000	0.0000	0.0000	0.0000
81571	14	165.67	0.9796	0.0000	0.0204	0.0000	0.0000	0.0000	0.0000	0.0000	0.0000	0.0000	0.0000	0.0000
81589	17	151.00	0.8605	0.0233	0.1163	0.0000	0.0000	0.0000	0.0000	0.0000	0.0000	0.0000	0.0000	0.0000
81612	20	125.67	0.7176	0.0305	0.0611	0.0000	0.0000	0.0000	0.1603	0.0229	0.0000	0.0000	0.0000	0.0076
81618	14	23.67	0.9259	0.0000	0.0741	0.0000	0.0000	0.0000	0.0000	0.0000	0.0000	0.0000	0.0000	0.0000
81658	4	231.00	0.5978	0.0000	0.1739	0.0000	0.0000	0.2174	0.0000	0.0000	0.0109	0.0000	0.0000	0.0000
81706	14	189.33	1.0000	0.0000	0.0000	0.0000	0.0000	0.0000	0.0000	0.0000	0.0000	0.0000	0.0000	0.0000
81719	19	180.33	0.9412	0.0000	0.0588	0.0000	0.0000	0.0000	0.0000	0.0000	0.0000	0.0000	0.0000	0.0000
81721	19	196.33	0.9809	0.0000	0.0191	0.0000	0.0000	0.0000	0.0000	0.0000	0.0000	0.0000	0.0000	0.0000
81724	19	92.00	1.0000	0.0000	0.0000	0.0000	0.0000	0.0000	0.0000	0.0000	0.0000	0.0000	0.0000	0.0000
81727	14	121.33	1.0000	0.0000	0.0000	0.0000	0.0000	0.0000	0.0000	0.0000	0.0000	0.0000	0.0000	0.0000
81740	6	1.00	0.4615	0.0000	0.3846	0.0000	0.1538	0.0000	0.0000	0.0000	0.0000	0.0000	0.0000	0.0000
81762	12	117.33	0.7823	0.0000	0.2177	0.0000	0.0000	0.0000	0.0000	0.0000	0.0000	0.0000	0.0000	0.0000
81824	14	112.00	0.9730	0.0000	0.0270	0.0000	0.0000	0.0000	0.0000	0.0000	0.0000	0.0000	0.0000	0.0000
81825	19	109.33	1.0000	0.0000	0.0000	0.0000	0.0000	0.0000	0.0000	0.0000	0.0000	0.0000	0.0000	0.0000
81830	2	188.67	0.0000	0.3906	0.0234	0.5859	0.0000	0.0000	0.0000	0.0000	0.0000	0.0000	0.0000	0.0000
81870	7	105.33	0.8667	0.0000	0.0667	0.0061	0.0000	0.0606	0.0000	0.0000	0.0000	0.0000	0.0000	0.0000
81878	6	109.67	0.0769	0.5385	0.0000	0.0769	0.3077	0.0000	0.0000	0.0000	0.0000	0.0000	0.0000	0.0000
81923	14	124.33	1.0000	0.0000	0.0000	0.0000	0.0000	0.0000	0.0000	0.0000	0.0000	0.0000	0.0000	0.0000
81945	19	120.00	1.0000	0.0000	0.0000	0.0000	0.0000	0.0000	0.0000	0.0000	0.0000	0.0000	0.0000	0.0000
81971	19	60.67	1.0000	0.0000	0.0000	0.0000	0.0000	0.0000	0.0000	0.0000	0.0000	0.0000	0.0000	0.0000
81980	17	330.67	0.9331	0.0141	0.0246	0.0070	0.0106	0.0000	0.0000	0.0106	0.0000	0.0000	0.0000	0.0000
81983	8	360.00	0.3215	0.2926	0.0707	0.0997	0.2090	0.0000	0.0000	0.0000	0.0000	0.0032	0.0000	0.0032
82004	12	60.00	0.8387	0.0000	0.1613	0.0000	0.0000	0.0000	0.0000	0.0000	0.0000	0.0000	0.0000	0.0000
82005	6	356.00	0.8452	0.0129	0.0516	0.0000	0.0000	0.0000	0.0710	0.0129	0.0000	0.0000	0.0000	0.0065
82006	17	44.33	0.1724	0.2414	0.2759	0.3103	0.0000	0.0000	0.0000	0.0000	0.0000	0.0000	0.0000	0.0000
82053	19	31.00	1.0000	0.0000	0.0000	0.0000	0.0000	0.0000	0.0000	0.0000	0.0000	0.0000	0.0000	0.0000
82061	20	22.67	0.6056	0.1408	0.2113	0.0000	0.0000	0.0000	0.0000	0.0423	0.0000	0.0000	0.0000	0.0000
82083	17	2.00	0.3134	0.1194	0.0448	0.3881	0.1343	0.0000	0.0000	0.0000	0.0000	0.0000	0.0000	0.0000
82088	10	3.00	0.9333	0.0000	0.0667	0.0000	0.0000	0.0000	0.0000	0.0000	0.0000	0.0000	0.0000	0.0000
82089	17	3.00	1.0000	0.0000	0.0000	0.0000	0.0000	0.0000	0.0000	0.0000	0.0000	0.0000	0.0000	0.0000
82102	14	25.33	1.0000	0.0000	0.0000	0.0000	0.0000	0.0000	0.0000	0.0000	0.0000	0.0000	0.0000	0.0000
82123	20	8.00	0.7707	0.0382	0.0573	0.0000	0.0000	0.0000	0.0892	0.0382	0.0000	0.0000	0.0000	0.0064
82136	18	6.00	1.0000	0.0000	0.0000	0.0000	0.0000	0.0000	0.0000	0.0000	0.0000	0.0000	0.0000	0.0000
82137	5	30.67	0.9722	0.0000	0.0278	0.0000	0.0000	0.0000	0.0000	0.0000	0.0000	0.0000	0.0000	0.0000
82140	18	8.00	0.9520	0.0000	0.0480	0.0000	0.0000	0.0000	0.0000	0.0000	0.0000	0.0000	0.0000	0.0000
82141	18	8.00	0.9688	0.0000	0.0313	0.0000	0.0000	0.0000	0.0000	0.0000	0.0000	0.0000	0.0000	0.0000
82151	15	63.67	0.0000	0.2408	0.0471	0.1099	0.1571	0.4450	0.0000	0.0000	0.0000	0.0000	0.0000	0.0000
82159	19	24.00	0.9655	0.0000	0.0345	0.0000	0.0000	0.0000	0.0000	0.0000	0.0000	0.0000	0.0000	0.0000
82167	8	55.33	0.3825	0.3018	0.0737	0.1018	0.1368	0.0000	0.0000	0.0000	0.0000	0.0000	0.0000	0.0035
82173	8	61.00	0.3704	0.3148	0.0864	0.0988	0.1235	0.0000	0.0000	0.0031	0.0000	0.0000	0.0000	0.0031
82187	19	37.67	0.8571	0.0000	0.1429	0.0000	0.0000	0.0000	0.0000	0.0000	0.0000	0.0000	0.0000	0.0000
82198	4	53.67	0.3491	0.2075	0.0755	0.1509	0.1509	0.0660	0.0000	0.0000	0.0000	0.0000	0.0000	0.0000
82199	4	166.33	0.4196	0.1161	0.1875	0.0268	0.0268	0.2232	0.0000	0.0000	0.0000	0.0000	0.0000	0.0000
82204	2	83.33	0.3494	0.3494	0.0482	0.0843	0.1687	0.0000	0.0000	0.0000	0.0000	0.0000	0.0000	0.0000
82215	17	50.67	0.9542	0.0083	0.0167	0.0042	0.0042	0.0000	0.0000	0.0125	0.0000	0.0000	0.0000	0.0000
82216	18	8.00	0.9633	0.0000	0.0367	0.0000	0.0000	0.0000	0.0000	0.0000	0.0000	0.0000	0.0000	0.0000
82217	19	10.67	1.0000	0.0000	0.0000	0.0000	0.0000	0.0000	0.0000	0.0000	0.0000	0.0000	0.0000	0.0000
82219	6	21.33	0.0000	0.4000	0.1000	0.4000	0.1000	0.0000	0.0000	0.0000	0.0000	0.0000	0.0000	0.0000
82232	4	1.00	0.2162	0.3784	0.0270	0.2703	0.1081	0.0000	0.0000	0.0000	0.0000	0.0000	0.0000	0.0000
82242	6	146.67	0.7616	0.0498	0.1352	0.0071	0.0107	0.0000	0.0214	0.0142	0.0000	0.0000	0.0000	0.0000
82244	7	2.00	0.4341	0.0537	0.1951	0.0000	0.0683	0.2439	0.0000	0.0000	0.0049	0.0000	0.0000	0.0000
82250	14	46.67	0.9649	0.0000	0.0351	0.0000	0.0000	0.0000	0.0000	0.0000	0.0000	0.0000	0.0000	0.0000
82253	18	1.00	1.0000	0.0000	0.0000	0.0000	0.0000	0.0000	0.0000	0.0000	0.0000	0.0000	0.0000	0.0000
82260	8	270.67	0.6615	0.1366	0.0776	0.0248	0.0901	0.0000	0.0093	0.0000	0.0000	0.0000	0.0000	0.0000
82270	7	2.00	0.5122	0.0976	0.1951	0.0244	0.0000	0.1707	0.0000	0.0000	0.0000	0.0000	0.0000	0.0000
82278	4	102.00	0.0000	0.1429	0.0476	0.0000	0.0000	0.8095	0.0000	0.0000	0.0000	0.0000	0.0000	0.0000
82281	4	8.00	0.1321	0.4717	0.0000	0.3396	0.0566	0.0000	0.0000	0.0000	0.0000	0.0000	0.0000	0.0000
82284	3	7.00	0.1528	0.0833	0.1806	0.0139	0.1250	0.3889	0.0000	0.0000	0.0000	0.0000	0.0000	0.0556
82311	17	2.00	0.8101	0.0759	0.0506	0.0127	0.0127	0.0000	0.0000	0.0380	0.0000	0.0000	0.0000	0.0000
82315	2	8.00	0.3448	0.3448	0.0690	0.0690	0.1724	0.0000	0.0000	0.0000	0.0000	0.0000	0.0000	0.0000
82330	6	8.00	0.9000	0.0091	0.0455	0.0000	0.0000	0.0000	0.0182	0.0273	0.0000	0.0000	0.0000	0.0000
82342	17	8.00	0.0435	0.2609	0.0870	0.5652	0.0435	0.0000	0.0000	0.0000	0.0000	0.0000	0.0000	0.0000
82345	3	38.67	0.1321	0.4717	0.0000	0.3396	0.0566	0.0000	0.0000	0.0000	0.0000	0.0000	0.0000	0.0000
82356	6	62.33	1.0000	0.0000	0.0000	0.0000	0.0000	0.0000	0.0000	0.0000	0.0000	0.0000	0.0000	0.0000