bug#	Dev#	Effort	jdt	jface	core	swt	ui	debug	ltk	text	jdi	search	compare	other
80736	14	278.67	1.0000	0.0000	0.0000	0.0000	0.0000	0.0000	0.0000	0.0000	0.0000	0.0000	0.0000	0.0000
81083	2	244.00	0.2261	0.3152	0.0913	0.0891	0.2717	0.0000	0.0000	0.0000	0.0000	0.0022	0.0000	0.0043
81084	10	82.67	0.7826	0.0000	0.0435	0.0000	0.0000	0.0000	0.1739	0.0000	0.0000	0.0000	0.0000	0.0000
81128	2	181.33	0.6301	0.1503	0.1676	0.0116	0.0347	0.0000	0.0000	0.0000	0.0000	0.0000	0.0000	0.0058
81135	17	164.00	0.9125	0.0250	0.0625	0.0000	0.0000	0.0000	0.0000	0.0000	0.0000	0.0000	0.0000	0.0000
81138	20	170.67	0.8204	0.0268	0.0509	0.0000	0.0000	0.0000	0.0751	0.0214	0.0000	0.0000	0.0000	0.0054
81146	20	172.00	0.8659	0.0000	0.0447	0.0000	0.0000	0.0000	0.0670	0.0168	0.0000	0.0000	0.0000	0.0056
81376	10	64.00	1.0000	0.0000	0.0000	0.0000	0.0000	0.0000	0.0000	0.0000	0.0000	0.0000	0.0000	0.0000
81417	12	150.00	0.9000	0.0000	0.1000	0.0000	0.0000	0.0000	0.0000	0.0000	0.0000	0.0000	0.0000	0.0000
81513	10	31.00	1.0000	0.0000	0.0000	0.0000	0.0000	0.0000	0.0000	0.0000	0.0000	0.0000	0.0000	0.0000
81519	7	158.67	0.4000	0.0000	0.0000	0.0500	0.2000	0.3500	0.0000	0.0000	0.0000	0.0000	0.0000	0.0000
81535	14	168.00	1.0000	0.0000	0.0000	0.0000	0.0000	0.0000	0.0000	0.0000	0.0000	0.0000	0.0000	0.0000
81556	10	150.33	0.7045	0.0000	0.2955	0.0000	0.0000	0.0000	0.0000	0.0000	0.0000	0.0000	0.0000	0.0000
81563	7	159.33	0.5094	0.0660	0.0849	0.0377	0.0660	0.2358	0.0000	0.0000	0.0000	0.0000	0.0000	0.0000
81568	14	159.67	0.9730	0.0000	0.0270	0.0000	0.0000	0.0000	0.0000	0.0000	0.0000	0.0000	0.0000	0.0000
81571	14	165.67	0.9796	0.0000	0.0204	0.0000	0.0000	0.0000	0.0000	0.0000	0.0000	0.0000	0.0000	0.0000
81589	17	151.00	0.8605	0.0233	0.1163	0.0000	0.0000	0.0000	0.0000	0.0000	0.0000	0.0000	0.0000	0.0000
81612	20	125.67	0.7176	0.0305	0.0611	0.0000	0.0000	0.0000	0.1603	0.0229	0.0000	0.0000	0.0000	0.0076
81618	14	23.67	0.9259	0.0000	0.0741	0.0000	0.0000	0.0000	0.0000	0.0000	0.0000	0.0000	0.0000	0.0000
81658	4	231.00	0.5978	0.0000	0.1739	0.0000	0.0000	0.2174	0.0000	0.0000	0.0109	0.0000	0.0000	0.0000
81706	14	189.33	1.0000	0.0000	0.0000	0.0000	0.0000	0.0000	0.0000	0.0000	0.0000	0.0000	0.0000	0.0000
81719	19	180.33	0.9412	0.0000	0.0588	0.0000	0.0000	0.0000	0.0000	0.0000	0.0000	0.0000	0.0000	0.0000
81721	19	196.33	0.9809	0.0000	0.0191	0.0000	0.0000	0.0000	0.0000	0.0000	0.0000	0.0000	0.0000	0.0000
81724	19	92.00	1.0000	0.0000	0.0000	0.0000	0.0000	0.0000	0.0000	0.0000	0.0000	0.0000	0.0000	0.0000
81727	14	121.33	1.0000	0.0000	0.0000	0.0000	0.0000	0.0000	0.0000	0.0000	0.0000	0.0000	0.0000	0.0000
81740	6	1.00	0.4615	0.0000	0.3846	0.0000	0.1538	0.0000	0.0000	0.0000	0.0000	0.0000	0.0000	0.0000
81762	12	117.33	0.7823	0.0000	0.2177	0.0000	0.0000	0.0000	0.0000	0.0000	0.0000	0.0000	0.0000	0.0000
81824	14	112.00	0.9730	0.0000	0.0270	0.0000	0.0000	0.0000	0.0000	0.0000	0.0000	0.0000	0.0000	0.0000
81825	19	109.33	1.0000	0.0000	0.0000	0.0000	0.0000	0.0000	0.0000	0.0000	0.0000	0.0000	0.0000	0.0000
81830	2	188.67	0.0000	0.3906	0.0234	0.5859	0.0000	0.0000	0.0000	0.0000	0.0000	0.0000	0.0000	0.0000
81870	7	105.33	0.8667	0.0000	0.0667	0.0061	0.0000	0.0606	0.0000	0.0000	0.0000	0.0000	0.0000	0.0000
81878	6	109.67	0.0769	0.5385	0.0000	0.0769	0.3077	0.0000	0.0000	0.0000	0.0000	0.0000	0.0000	0.0000
81923	14	124.33	1.0000	0.0000	0.0000	0.0000	0.0000	0.0000	0.0000	0.0000	0.0000	0.0000	0.0000	0.0000
81945	19	120.00	1.0000	0.0000	0.0000	0.0000	0.0000	0.0000	0.0000	0.0000	0.0000	0.0000	0.0000	0.0000
81971	19	60.67	1.0000	0.0000	0.0000	0.0000	0.0000	0.0000	0.0000	0.0000	0.0000	0.0000	0.0000	0.0000
81980	17	330.67	0.9331	0.0141	0.0246	0.0070	0.0106	0.0000	0.0000	0.0106	0.0000	0.0000	0.0000	0.0000
81983	8	360.00	0.3215	0.2926	0.0707	0.0997	0.2090	0.0000	0.0000	0.0000	0.0000	0.0032	0.0000	0.0032
82004	12	60.00	0.8387	0.0000	0.1613	0.0000	0.0000	0.0000	0.0000	0.0000	0.0000	0.0000	0.0000	0.0000
82005	6	356.00	0.8452	0.0129	0.0516	0.0000	0.0000	0.0000	0.0710	0.0129	0.0000	0.0000	0.0000	0.0065
82006	17	44.33	0.1724	0.2414	0.2759	0.3103	0.0000	0.0000	0.0000	0.0000	0.0000	0.0000	0.0000	0.0000
82053	19	31.00	1.0000	0.0000	0.0000	0.0000	0.0000	0.0000	0.0000	0.0000	0.0000	0.0000	0.0000	0.0000
82061	20	22.67	0.6056	0.1408	0.2113	0.0000	0.0000	0.0000	0.0000	0.0423	0.0000	0.0000	0.0000	0.0000
82083	17	2.00	0.3134	0.1194	0.0448	0.3881	0.1343	0.0000	0.0000	0.0000	0.0000	0.0000	0.0000	0.0000
82088	10	3.00	0.9333	0.0000	0.0667	0.0000	0.0000	0.0000	0.0000	0.0000	0.0000	0.0000	0.0000	0.0000
82089	17	3.00	1.0000	0.0000	0.0000	0.0000	0.0000	0.0000	0.0000	0.0000	0.0000	0.0000	0.0000	0.0000
82102	14	25.33	1.0000	0.0000	0.0000	0.0000	0.0000	0.0000	0.0000	0.0000	0.0000	0.0000	0.0000	0.0000
82123	20	8.00	0.7707	0.0382	0.0573	0.0000	0.0000	0.0000	0.0892	0.0382	0.0000	0.0000	0.0000	0.0064
82136	18	6.00	1.0000	0.0000	0.0000	0.0000	0.0000	0.0000	0.0000	0.0000	0.0000	0.0000	0.0000	0.0000
82137	5	30.67	0.9722	0.0000	0.0278	0.0000	0.0000	0.0000	0.0000	0.0000	0.0000	0.0000	0.0000	0.0000
82140	18	8.00	0.9520	0.0000	0.0480	0.0000	0.0000	0.0000	0.0000	0.0000	0.0000	0.0000	0.0000	0.0000
82141	18	8.00	0.9688	0.0000	0.0313	0.0000	0.0000	0.0000	0.0000	0.0000	0.0000	0.0000	0.0000	0.0000
82151	15	63.67	0.0000	0.2408	0.0471	0.1099	0.1571	0.4450	0.0000	0.0000	0.0000	0.0000	0.0000	0.0000
82159	19	24.00	0.9655	0.0000	0.0345	0.0000	0.0000	0.0000	0.0000	0.0000	0.0000	0.0000	0.0000	0.0000
82167	8	55.33	0.3825	0.3018	0.0737	0.1018	0.1368	0.0000	0.0000	0.0000	0.0000	0.0000	0.0000	0.0035
82173	8	61.00	0.3704	0.3148	0.0864	0.0988	0.1235	0.0000	0.0000	0.0031	0.0000	0.0000	0.0000	0.0031
82187	19	37.67	0.8571	0.0000	0.1429	0.0000	0.0000	0.0000	0.0000	0.0000	0.0000	0.0000	0.0000	0.0000
82198	4	53.67	0.3491	0.2075	0.0755	0.1509	0.1509	0.0660	0.0000	0.0000	0.0000	0.0000	0.0000	0.0000
82199	4	166.33	0.4196	0.1161	0.1875	0.0268	0.0268	0.2232	0.0000	0.0000	0.0000	0.0000	0.0000	0.0000
82204	2	83.33	0.3494	0.3494	0.0482	0.0843	0.1687	0.0000	0.0000	0.0000	0.0000	0.0000	0.0000	0.0000
82215	17	50.67	0.9542	0.0083	0.0167	0.0042	0.0042	0.0000	0.0000	0.0125	0.0000	0.0000	0.0000	0.0000
82216	18	8.00	0.9633	0.0000	0.0367	0.0000	0.0000	0.0000	0.0000	0.0000	0.0000	0.0000	0.0000	0.0000
82217	19	10.67	1.0000	0.0000	0.0000	0.0000	0.0000	0.0000	0.0000	0.0000	0.0000	0.0000	0.0000	0.0000
82219	6	21.33	0.0000	0.4000	0.1000	0.4000	0.1000	0.0000	0.0000	0.0000	0.0000	0.0000	0.0000	0.0000
82232	4	1.00	0.2162	0.3784	0.0270	0.2703	0.1081	0.0000	0.0000	0.0000	0.0000	0.0000	0.0000	0.0000
82242	6	146.67	0.7616	0.0498	0.1352	0.0071	0.0107	0.0000	0.0214	0.0142	0.0000	0.0000	0.0000	0.0000
82244	7	2.00	0.4341	0.0537	0.1951	0.0000	0.0683	0.2439	0.0000	0.0000	0.0049	0.0000	0.0000	0.0000
82250	14	46.67	0.9649	0.0000	0.0351	0.0000	0.0000	0.0000	0.0000	0.0000	0.0000	0.0000	0.0000	0.0000
82253	18	1.00	1.0000	0.0000	0.0000	0.0000	0.0000	0.0000	0.0000	0.0000	0.0000	0.0000	0.0000	0.0000
82260	8	270.67	0.6615	0.1366	0.0776	0.0248	0.0901	0.0000	0.0093	0.0000	0.0000	0.0000	0.0000	0.0000
82270	7	2.00	0.5122	0.0976	0.1951	0.0244	0.0000	0.1707	0.0000	0.0000	0.0000	0.0000	0.0000	0.0000
82278	4	102.00	0.0000	0.1429	0.0476	0.0000	0.0000	0.8095	0.0000	0.0000	0.0000	0.0000	0.0000	0.0000
82281	4	8.00	0.1321	0.4717	0.0000	0.3396	0.0566	0.0000	0.0000	0.0000	0.0000	0.0000	0.0000	0.0000
82284	3	7.00	0.1528	0.0833	0.1806	0.0139	0.1250	0.3889	0.0000	0.0000	0.0000	0.0000	0.0000	0.0556
82311	17	2.00	0.8101	0.0759	0.0506	0.0127	0.0127	0.0000	0.0000	0.0380	0.0000	0.0000	0.0000	0.0000
82315	2	8.00	0.3448	0.3448	0.0690	0.0690	0.1724	0.0000	0.0000	0.0000	0.0000	0.0000	0.0000	0.0000
82330	6	8.00	0.9000	0.0091	0.0455	0.0000	0.0000	0.0000	0.0182	0.0273	0.0000	0.0000	0.0000	0.0000
82342	17	8.00	0.0435	0.2609	0.0870	0.5652	0.0435	0.0000	0.0000	0.0000	0.0000	0.0000	0.0000	0.0000
82345	3	38.67	0.1321	0.4717	0.0000	0.3396	0.0566	0.0000	0.0000	0.0000	0.0000	0.0000	0.0000	0.0000
82356	6	62.33	1.0000	0.0000	0.0000	0.0000	0.0000	0.0000	0.0000	0.0000	0.0000	0.0000	0.0000	0.0000
82366	3	36.00	0.1000	0.2500	0.0000	0.5500	0.0000	0.1000	0.0000	0.0000	0.0000	0.0000	0.0000	0.0000
82382	12	38.67	0.9474	0.0000	0.0526	0.0000	0.0000	0.0000	0.0000	0.0000	0.0000	0.0000	0.0000	0.0000
82394	8	28.67	0.2718	0.3487	0.0205	0.2974	0.0513	0.0103	0.0000	0.0000	0.0000	0.0000	0.0000	0.0000
82397	15	88.00	0.1812	0.5000	0.0000	0.2681	0.0507	0.0000	0.0000	0.0000	0.0000	0.0000	0.0000	0.0000
82417	17	16.00	0.1250	0.0625	0.0625	0.7500	0.0000	0.0000	0.0000	0.0000	0.0000	0.0000	0.0000	0.0000
82432	19	20.00	1.0000	0.0000	0.0000	0.0000	0.0000	0.0000	0.0000	0.0000	0.0000	0.0000	0.0000	0.0000
82439	19	44.00	0.9333	0.0000	0.0667	0.0000	0.0000	0.0000	0.0000	0.0000	0.0000	0.0000	0.0000	0.0000
82461	17	262.67	0.8182	0.0000	0.0000	0.0909	0.0000	0.0000	0.0000	0.0909	0.0000	0.0000	0.0000	0.0000
82475	6	100.00	0.8404	0.0249	0.0673	0.0000	0.0000	0.0000	0.0474	0.0175	0.0000	0.0000	0.0000	0.0025
82485	4	60.00	0.3496	0.2520	0.0407	0.1220	0.1030	0.1328	0.0000	0.0000	0.0000	0.0000	0.0000	0.0000
82504	19	8.00	0.9730	0.0000	0.0270	0.0000	0.0000	0.0000	0.0000	0.0000	0.0000	0.0000	0.0000	0.0000
82507	6	133.67	0.3813	0.1511	0.2302	0.1583	0.0504	0.0000	0.0288	0.0000	0.0000	0.0000	0.0000	0.0000
82509	3	36.00	0.1649	0.2784	0.0309	0.3402	0.1134	0.0722	0.0000	0.0000	0.0000	0.0000	0.0000	0.0000
82510	18	23.67	0.8158	0.0066	0.1579	0.0000	0.0000	0.0000	0.0000	0.0132	0.0000	0.0000	0.0000	0.0066
82514	10	8.00	1.0000	0.0000	0.0000	0.0000	0.0000	0.0000	0.0000	0.0000	0.0000	0.0000	0.0000	0.0000
82536	17	97.33	0.9058	0.0145	0.0145	0.0072	0.0435	0.0000	0.0000	0.0145	0.0000	0.0000	0.0000	0.0000
82542	12	6.00	0.7753	0.0000	0.2247	0.0000	0.0000	0.0000	0.0000	0.0000	0.0000	0.0000	0.0000	0.0000
82547	19	115.67	0.8889	0.0000	0.1111	0.0000	0.0000	0.0000	0.0000	0.0000	0.0000	0.0000	0.0000	0.0000
82558	5	2.00	0.9556	0.0000	0.0444	0.0000	0.0000	0.0000	0.0000	0.0000	0.0000	0.0000	0.0000	0.0000
82579	7	56.00	0.6667	0.0000	0.1111	0.0000	0.0000	0.2222	0.0000	0.0000	0.0000	0.0000	0.0000	0.0000
82581	8	222.67	0.0000	1.0000	0.0000	0.0000	0.0000	0.0000	0.0000	0.0000	0.0000	0.0000	0.0000	0.0000
82590	19	29.67	0.9809	0.0000	0.0191	0.0000	0.0000	0.0000	0.0000	0.0000	0.0000	0.0000	0.0000	0.0000
82616	18	8.00	0.9691	0.0000	0.0309	0.0000	0.0000	0.0000	0.0000	0.0000	0.0000	0.0000	0.0000	0.0000
82647	19	180.67	1.0000	0.0000	0.0000	0.0000	0.0000	0.0000	0.0000	0.0000	0.0000	0.0000	0.0000	0.0000
82655	17	1.00	0.2287	0.1223	0.1064	0.1649	0.1170	0.0000	0.0000	0.0000	0.0000	0.2181	0.0000	0.0426
82670	18	2.00	0.9520	0.0000	0.0480	0.0000	0.0000	0.0000	0.0000	0.0000	0.0000	0.0000	0.0000	0.0000
82671	19	127.33	0.9394	0.0000	0.0606	0.0000	0.0000	0.0000	0.0000	0.0000	0.0000	0.0000	0.0000	0.0000
82694	17	8.00	0.3071	0.1143	0.1036	0.1607	0.1143	0.0000	0.0000	0.0000	0.0000	0.1714	0.0000	0.0286
82724	16	110.33	0.8795	0.0080	0.0442	0.0000	0.0000	0.0000	0.0522	0.0120	0.0000	0.0000	0.0000	0.0040
82740	5	1.00	0.9375	0.0000	0.0625	0.0000	0.0000	0.0000	0.0000	0.0000	0.0000	0.0000	0.0000	0.0000
82754	14	5.00	1.0000	0.0000	0.0000	0.0000	0.0000	0.0000	0.0000	0.0000	0.0000	0.0000	0.0000	0.0000
82783	17	8.00	0.4196	0.1964	0.2054	0.1607	0.0179	0.0000	0.0000	0.0000	0.0000	0.0000	0.0000	0.0000
82789	4	37.67	0.5000	0.0000	0.3750	0.0000	0.0000	0.1250	0.0000	0.0000	0.0000	0.0000	0.0000	0.0000
82844	19	6.00	0.9649	0.0000	0.0351	0.0000	0.0000	0.0000	0.0000	0.0000	0.0000	0.0000	0.0000	0.0000
82859	18	48.00	1.0000	0.0000	0.0000	0.0000	0.0000	0.0000	0.0000	0.0000	0.0000	0.0000	0.0000	0.0000
82950	20	136.00	0.8508	0.0110	0.0387	0.0000	0.0000	0.0000	0.0663	0.0276	0.0000	0.0000	0.0000	0.0055
82985	18	4.00	0.9686	0.0000	0.0314	0.0000	0.0000	0.0000	0.0000	0.0000	0.0000	0.0000	0.0000	0.0000
82987	8	190.67	0.0000	0.2500	0.2500	0.0000	0.5000	0.0000	0.0000	0.0000	0.0000	0.0000	0.0000	0.0000
82992	20	22.00	0.8393	0.0000	0.0536	0.0000	0.0000	0.0000	0.0893	0.0179	0.0000	0.0000	0.0000	0.0000
83011	18	1.00	0.9571	0.0000	0.0429	0.0000	0.0000	0.0000	0.0000	0.0000	0.0000	0.0000	0.0000	0.0000
83013	18	2.00	0.9621	0.0000	0.0303	0.0000	0.0000	0.0000	0.0000	0.0000	0.0000	0.0000	0.0000	0.0076
83032	18	5.00	1.0000	0.0000	0.0000	0.0000	0.0000	0.0000	0.0000	0.0000	0.0000	0.0000	0.0000	0.0000
83041	6	37.67	0.8357	0.0047	0.0610	0.0000	0.0000	0.0000	0.0657	0.0282	0.0000	0.0000	0.0000	0.0047
83053	4	28.67	1.0000	0.0000	0.0000	0.0000	0.0000	0.0000	0.0000	0.0000	0.0000	0.0000	0.0000	0.0000
83054	4	117.33	0.5345	0.0345	0.1034	0.0000	0.0172	0.3103	0.0000	0.0000	0.0000	0.0000	0.0000	0.0000
83078	18	27.00	0.9430	0.0000	0.0443	0.0000	0.0000	0.0000	0.0000	0.0127	0.0000	0.0000	0.0000	0.0000
83096	14	6.00	0.9333	0.0000	0.0667	0.0000	0.0000	0.0000	0.0000	0.0000	0.0000	0.0000	0.0000	0.0000
83098	18	1.00	0.9697	0.0000	0.0303	0.0000	0.0000	0.0000	0.0000	0.0000	0.0000	0.0000	0.0000	0.0000
83127	10	69.33	0.9890	0.0000	0.0110	0.0000	0.0000	0.0000	0.0000	0.0000	0.0000	0.0000	0.0000	0.0000
83161	14	8.00	0.9286	0.0000	0.0476	0.0238	0.0000	0.0000	0.0000	0.0000	0.0000	0.0000	0.0000	0.0000
83162	14	113.33	0.9701	0.0000	0.0299	0.0000	0.0000	0.0000	0.0000	0.0000	0.0000	0.0000	0.0000	0.0000
83194	4	8.00	0.2826	0.2174	0.1304	0.3261	0.0217	0.0217	0.0000	0.0000	0.0000	0.0000	0.0000	0.0000
83201	7	226.67	0.5574	0.0000	0.1475	0.0000	0.0000	0.2787	0.0000	0.0000	0.0164	0.0000	0.0000	0.0000
83210	12	23.33	0.8860	0.0000	0.1140	0.0000	0.0000	0.0000	0.0000	0.0000	0.0000	0.0000	0.0000	0.0000
83218	14	130.67	0.9091	0.0000	0.0909	0.0000	0.0000	0.0000	0.0000	0.0000	0.0000	0.0000	0.0000	0.0000
83219	18	68.00	1.0000	0.0000	0.0000	0.0000	0.0000	0.0000	0.0000	0.0000	0.0000	0.0000	0.0000	0.0000
83225	19	69.33	0.9800	0.0000	0.0200	0.0000	0.0000	0.0000	0.0000	0.0000	0.0000	0.0000	0.0000	0.0000
83236	5	70.33	1.0000	0.0000	0.0000	0.0000	0.0000	0.0000	0.0000	0.0000	0.0000	0.0000	0.0000	0.0000
83297	18	3.00	0.9274	0.0000	0.0726	0.0000	0.0000	0.0000	0.0000	0.0000	0.0000	0.0000	0.0000	0.0000
83300	12	36.00	0.9474	0.0000	0.0526	0.0000	0.0000	0.0000	0.0000	0.0000	0.0000	0.0000	0.0000	0.0000
83304	10	8.00	0.9375	0.0000	0.0625	0.0000	0.0000	0.0000	0.0000	0.0000	0.0000	0.0000	0.0000	0.0000
83362	17	7.00	0.5500	0.1250	0.0500	0.0000	0.0000	0.0000	0.0000	0.2750	0.0000	0.0000	0.0000	0.0000
83376	14	99.33	1.0000	0.0000	0.0000	0.0000	0.0000	0.0000	0.0000	0.0000	0.0000	0.0000	0.0000	0.0000
83379	14	146.67	1.0000	0.0000	0.0000	0.0000	0.0000	0.0000	0.0000	0.0000	0.0000	0.0000	0.0000	0.0000
83383	18	125.33	0.7000	0.0167	0.2500	0.0000	0.0000	0.0000	0.0000	0.0333	0.0000	0.0000	0.0000	0.0000
83397	20	86.67	0.6034	0.1164	0.0690	0.1379	0.0690	0.0000	0.0000	0.0043	0.0000	0.0000	0.0000	0.0000
83398	19	57.33	0.8462	0.0000	0.1538	0.0000	0.0000	0.0000	0.0000	0.0000	0.0000	0.0000	0.0000	0.0000
83410	3	19.33	0.5185	0.2222	0.0833	0.0093	0.0370	0.1296	0.0000	0.0000	0.0000	0.0000	0.0000	0.0000
83419	3	30.67	0.2968	0.1935	0.0774	0.0839	0.1871	0.1613	0.0000	0.0000	0.0000	0.0000	0.0000	0.0000
83440	6	23.33	0.0000	0.3636	0.2273	0.0000	0.0000	0.0000	0.0909	0.3182	0.0000	0.0000	0.0000	0.0000
83476	17	25.33	0.5648	0.1019	0.1667	0.0926	0.0741	0.0000	0.0000	0.0000	0.0000	0.0000	0.0000	0.0000
83489	5	28.00	0.9688	0.0000	0.0313	0.0000	0.0000	0.0000	0.0000	0.0000	0.0000	0.0000	0.0000	0.0000
83499	12	96.00	0.9605	0.0000	0.0395	0.0000	0.0000	0.0000	0.0000	0.0000	0.0000	0.0000	0.0000	0.0000
83500	12	304.00	0.9360	0.0000	0.0400	0.0000	0.0000	0.0000	0.0240	0.0000	0.0000	0.0000	0.0000	0.0000
83507	7	193.33	0.0093	0.1505	0.1250	0.0532	0.1806	0.4815	0.0000	0.0000	0.0000	0.0000	0.0000	0.0000
83523	20	33.33	0.1951	0.2195	0.2683	0.0488	0.2683	0.0000	0.0000	0.0000	0.0000	0.0000	0.0000	0.0000
83536	18	6.00	1.0000	0.0000	0.0000	0.0000	0.0000	0.0000	0.0000	0.0000	0.0000	0.0000	0.0000	0.0000
83541	7	61.33	0.0000	0.3750	0.0000	0.1250	0.0000	0.5000	0.0000	0.0000	0.0000	0.0000	0.0000	0.0000
83558	4	56.00	0.5000	0.0789	0.0789	0.0132	0.0526	0.2763	0.0000	0.0000	0.0000	0.0000	0.0000	0.0000
83593	12	18.67	0.7615	0.0154	0.1769	0.0000	0.0000	0.0000	0.0385	0.0077	0.0000	0.0000	0.0000	0.0000
83599	12	8.00	0.7059	0.0392	0.2353	0.0000	0.0000	0.0000	0.0000	0.0196	0.0000	0.0000	0.0000	0.0000
83600	5	122.67	0.7000	0.0167	0.2500	0.0000	0.0000	0.0000	0.0000	0.0333	0.0000	0.0000	0.0000	0.0000
83611	14	74.67	0.9200	0.0000	0.0800	0.0000	0.0000	0.0000	0.0000	0.0000	0.0000	0.0000	0.0000	0.0000
83615	19	104.00	0.9725	0.0000	0.0275	0.0000	0.0000	0.0000	0.0000	0.0000	0.0000	0.0000	0.0000	0.0000
83646	12	29.33	0.6423	0.0219	0.3285	0.0000	0.0000	0.0000	0.0000	0.0073	0.0000	0.0000	0.0000	0.0000
83648	18	112.00	1.0000	0.0000	0.0000	0.0000	0.0000	0.0000	0.0000	0.0000	0.0000	0.0000	0.0000	0.0000
83684	18	8.00	0.9430	0.0000	0.0443	0.0000	0.0000	0.0000	0.0000	0.0127	0.0000	0.0000	0.0000	0.0000
83713	10	3.00	0.9481	0.0000	0.0519	0.0000	0.0000	0.0000	0.0000	0.0000	0.0000	0.0000	0.0000	0.0000
83729	6	8.00	0.6250	0.0625	0.1563	0.0625	0.0938	0.0000	0.0000	0.0000	0.0000	0.0000	0.0000	0.0000
83745	4	103.00	0.5094	0.0660	0.0849	0.0377	0.0660	0.2358	0.0000	0.0000	0.0000	0.0000	0.0000	0.0000
83779	4	2.00	0.1000	0.2500	0.0000	0.5500	0.0000	0.1000	0.0000	0.0000	0.0000	0.0000	0.0000	0.0000
83817	18	17.33	0.9596	0.0000	0.0404	0.0000	0.0000	0.0000	0.0000	0.0000	0.0000	0.0000	0.0000	0.0000
83822	12	2.00	0.6694	0.0000	0.3306	0.0000	0.0000	0.0000	0.0000	0.0000	0.0000	0.0000	0.0000	0.0000
83825	4	37.33	0.5522	0.0299	0.1194	0.0000	0.0149	0.2836	0.0000	0.0000	0.0000	0.0000	0.0000	0.0000
83847	19	3.00	1.0000	0.0000	0.0000	0.0000	0.0000	0.0000	0.0000	0.0000	0.0000	0.0000	0.0000	0.0000
83860	18	2.00	1.0000	0.0000	0.0000	0.0000	0.0000	0.0000	0.0000	0.0000	0.0000	0.0000	0.0000	0.0000
83901	14	125.33	0.9879	0.0000	0.0121	0.0000	0.0000	0.0000	0.0000	0.0000	0.0000	0.0000	0.0000	0.0000
83902	14	125.33	0.9879	0.0000	0.0121	0.0000	0.0000	0.0000	0.0000	0.0000	0.0000	0.0000	0.0000	0.0000
83939	19	8.00	1.0000	0.0000	0.0000	0.0000	0.0000	0.0000	0.0000	0.0000	0.0000	0.0000	0.0000	0.0000
83952	16	29.67	0.7786	0.0544	0.0507	0.0507	0.0019	0.0000	0.0488	0.0113	0.0000	0.0000	0.0000	0.0038
83962	4	87.00	0.0000	0.0000	0.0000	0.0000	0.0000	0.0000	0.0000	0.0000	1.0000	0.0000	0.0000	0.0000
83965	19	44.00	1.0000	0.0000	0.0000	0.0000	0.0000	0.0000	0.0000	0.0000	0.0000	0.0000	0.0000	0.0000
84004	6	27.00	0.1739	0.0870	0.4348	0.0435	0.2609	0.0000	0.0000	0.0000	0.0000	0.0000	0.0000	0.0000
84021	6	10.67	0.8824	0.0000	0.1176	0.0000	0.0000	0.0000	0.0000	0.0000	0.0000	0.0000	0.0000	0.0000
84055	19	29.67	1.0000	0.0000	0.0000	0.0000	0.0000	0.0000	0.0000	0.0000	0.0000	0.0000	0.0000	0.0000
84064	18	1.00	0.9490	0.0000	0.0510	0.0000	0.0000	0.0000	0.0000	0.0000	0.0000	0.0000	0.0000	0.0000
84070	17	8.00	0.3261	0.1087	0.3043	0.1739	0.0870	0.0000	0.0000	0.0000	0.0000	0.0000	0.0000	0.0000
84093	2	117.33	0.4073	0.2064	0.0518	0.1045	0.2064	0.0000	0.0000	0.0000	0.0000	0.0055	0.0000	0.0182
84181	18	1.00	0.9331	0.0000	0.0669	0.0000	0.0000	0.0000	0.0000	0.0000	0.0000	0.0000	0.0000	0.0000
84194	8	62.00	0.6415	0.2453	0.0566	0.0377	0.0000	0.0000	0.0000	0.0189	0.0000	0.0000	0.0000	0.0000
84215	19	4.00	1.0000	0.0000	0.0000	0.0000	0.0000	0.0000	0.0000	0.0000	0.0000	0.0000	0.0000	0.0000
84238	17	1.00	0.5068	0.1370	0.0548	0.0000	0.0000	0.0000	0.0000	0.3014	0.0000	0.0000	0.0000	0.0000
84257	4	62.33	0.0000	0.2000	0.1000	0.0500	0.0000	0.6500	0.0000	0.0000	0.0000	0.0000	0.0000	0.0000
84259	4	47.33	1.0000	0.0000	0.0000	0.0000	0.0000	0.0000	0.0000	0.0000	0.0000	0.0000	0.0000	0.0000
84269	2	8.00	0.2162	0.1622	0.0541	0.4054	0.1622	0.0000	0.0000	0.0000	0.0000	0.0000	0.0000	0.0000
84271	3	41.33	0.2302	0.3254	0.0635	0.2619	0.1190	0.0000	0.0000	0.0000	0.0000	0.0000	0.0000	0.0000
84298	17	101.67	0.6071	0.1071	0.1071	0.1071	0.0714	0.0000	0.0000	0.0000	0.0000	0.0000	0.0000	0.0000
84338	16	97.33	0.7854	0.0091	0.0913	0.0000	0.0000	0.0000	0.1005	0.0137	0.0000	0.0000	0.0000	0.0000
84392	4	38.00	0.6667	0.0000	0.0741	0.0000	0.0000	0.2593	0.0000	0.0000	0.0000	0.0000	0.0000	0.0000
84416	18	8.00	1.0000	0.0000	0.0000	0.0000	0.0000	0.0000	0.0000	0.0000	0.0000	0.0000	0.0000	0.0000
84473	4	54.00	0.2449	0.0000	0.2857	0.0000	0.0000	0.2245	0.0000	0.0000	0.2449	0.0000	0.0000	0.0000
84480	19	21.33	0.9725	0.0000	0.0275	0.0000	0.0000	0.0000	0.0000	0.0000	0.0000	0.0000	0.0000	0.0000
84492	3	868.00	0.5345	0.0345	0.1034	0.0000	0.0172	0.3103	0.0000	0.0000	0.0000	0.0000	0.0000	0.0000
84498	17	28.00	0.9111	0.0000	0.0889	0.0000	0.0000	0.0000	0.0000	0.0000	0.0000	0.0000	0.0000	0.0000
84504	18	1.00	0.9643	0.0000	0.0250	0.0000	0.0000	0.0000	0.0000	0.0107	0.0000	0.0000	0.0000	0.0000
84533	6	8.00	0.0448	0.2090	0.2687	0.0746	0.0000	0.0000	0.4030	0.0000	0.0000	0.0000	0.0000	0.0000
84556	17	1.00	0.6687	0.1084	0.0542	0.1145	0.0482	0.0000	0.0000	0.0060	0.0000	0.0000	0.0000	0.0000
84558	18	8.00	1.0000	0.0000	0.0000	0.0000	0.0000	0.0000	0.0000	0.0000	0.0000	0.0000	0.0000	0.0000
84657	8	8.00	0.6947	0.1895	0.0632	0.0526	0.0000	0.0000	0.0000	0.0000	0.0000	0.0000	0.0000	0.0000
84669	19	1.00	1.0000	0.0000	0.0000	0.0000	0.0000	0.0000	0.0000	0.0000	0.0000	0.0000	0.0000	0.0000
84717	18	1.00	1.0000	0.0000	0.0000	0.0000	0.0000	0.0000	0.0000	0.0000	0.0000	0.0000	0.0000	0.0000
84722	20	8.00	0.9574	0.0000	0.0426	0.0000	0.0000	0.0000	0.0000	0.0000	0.0000	0.0000	0.0000	0.0000
84724	10	48.00	0.8814	0.0000	0.1017	0.0000	0.0000	0.0000	0.0169	0.0000	0.0000	0.0000	0.0000	0.0000
84747	17	21.67	0.1667	0.3333	0.0833	0.4167	0.0000	0.0000	0.0000	0.0000	0.0000	0.0000	0.0000	0.0000
84770	18	8.00	0.9080	0.0000	0.0805	0.0000	0.0000	0.0000	0.0000	0.0115	0.0000	0.0000	0.0000	0.0000
84778	18	5.00	0.9556	0.0000	0.0444	0.0000	0.0000	0.0000	0.0000	0.0000	0.0000	0.0000	0.0000	0.0000
84791	19	1.00	1.0000	0.0000	0.0000	0.0000	0.0000	0.0000	0.0000	0.0000	0.0000	0.0000	0.0000	0.0000
84794	8	1.00	0.4878	0.3659	0.0000	0.0732	0.0732	0.0000	0.0000	0.0000	0.0000	0.0000	0.0000	0.0000
84798	3	46.67	0.1250	0.0000	0.0000	0.0000	0.0000	0.0000	0.0000	0.0000	0.8750	0.0000	0.0000	0.0000
84801	14	17.33	0.9879	0.0000	0.0121	0.0000	0.0000	0.0000	0.0000	0.0000	0.0000	0.0000	0.0000	0.0000
84955	17	45.67	0.0000	0.4286	0.0714	0.0714	0.4286	0.0000	0.0000	0.0000	0.0000	0.0000	0.0000	0.0000
84980	6	3.00	0.9000	0.0091	0.0455	0.0000	0.0000	0.0000	0.0182	0.0273	0.0000	0.0000	0.0000	0.0000
84981	2	28.00	0.0000	0.5938	0.0313	0.3750	0.0000	0.0000	0.0000	0.0000	0.0000	0.0000	0.0000	0.0000
84983	8	28.00	0.3182	0.5000	0.0227	0.1364	0.0227	0.0000	0.0000	0.0000	0.0000	0.0000	0.0000	0.0000
84986	6	1.00	0.7308	0.0000	0.0769	0.0000	0.0000	0.0000	0.1308	0.0538	0.0000	0.0000	0.0000	0.0077
84999	7	43.33	0.5238	0.0952	0.1429	0.0119	0.1190	0.1071	0.0000	0.0000	0.0000	0.0000	0.0000	0.0000
85026	18	8.33	0.9529	0.0000	0.0471	0.0000	0.0000	0.0000	0.0000	0.0000	0.0000	0.0000	0.0000	0.0000
85100	20	17.33	0.9574	0.0000	0.0426	0.0000	0.0000	0.0000	0.0000	0.0000	0.0000	0.0000	0.0000	0.0000
85115	18	13.33	0.9274	0.0000	0.0726	0.0000	0.0000	0.0000	0.0000	0.0000	0.0000	0.0000	0.0000	0.0000
85125	18	8.00	0.9839	0.0000	0.0000	0.0000	0.0000	0.0000	0.0000	0.0000	0.0000	0.0000	0.0000	0.0161
85157	19	5.00	0.9333	0.0000	0.0667	0.0000	0.0000	0.0000	0.0000	0.0000	0.0000	0.0000	0.0000	0.0000
85159	11	8.00	0.9091	0.0909	0.0000	0.0000	0.0000	0.0000	0.0000	0.0000	0.0000	0.0000	0.0000	0.0000
85160	19	8.00	1.0000	0.0000	0.0000	0.0000	0.0000	0.0000	0.0000	0.0000	0.0000	0.0000	0.0000	0.0000
85203	19	8.00	1.0000	0.0000	0.0000	0.0000	0.0000	0.0000	0.0000	0.0000	0.0000	0.0000	0.0000	0.0000
85215	18	1.00	0.9274	0.0000	0.0726	0.0000	0.0000	0.0000	0.0000	0.0000	0.0000	0.0000	0.0000	0.0000
85241	4	7.00	0.8889	0.0000	0.0000	0.0000	0.0000	0.1111	0.0000	0.0000	0.0000	0.0000	0.0000	0.0000
85243	17	1.00	1.0000	0.0000	0.0000	0.0000	0.0000	0.0000	0.0000	0.0000	0.0000	0.0000	0.0000	0.0000
85254	4	20.00	0.3014	0.2192	0.1096	0.2055	0.1644	0.0000	0.0000	0.0000	0.0000	0.0000	0.0000	0.0000
85267	16	1.00	0.4375	0.0000	0.5625	0.0000	0.0000	0.0000	0.0000	0.0000	0.0000	0.0000	0.0000	0.0000
85325	3	1.00	0.6667	0.0000	0.0741	0.0000	0.0000	0.2593	0.0000	0.0000	0.0000	0.0000	0.0000	0.0000
85327	20	20.00	0.7416	0.1404	0.0674	0.0281	0.0000	0.0000	0.0000	0.0225	0.0000	0.0000	0.0000	0.0000
85344	3	1.00	0.8889	0.0000	0.0000	0.0000	0.0000	0.1111	0.0000	0.0000	0.0000	0.0000	0.0000	0.0000
85371	17	8.33	0.6923	0.0385	0.2308	0.0385	0.0000	0.0000	0.0000	0.0000	0.0000	0.0000	0.0000	0.0000
85377	6	13.33	0.3015	0.3015	0.0000	0.2206	0.1691	0.0000	0.0000	0.0000	0.0000	0.0000	0.0000	0.0074
85383	17	14.67	0.7692	0.0000	0.2308	0.0000	0.0000	0.0000	0.0000	0.0000	0.0000	0.0000	0.0000	0.0000
85385	17	14.67	0.3261	0.1087	0.3043	0.1739	0.0870	0.0000	0.0000	0.0000	0.0000	0.0000	0.0000	0.0000
85415	16	8.00	0.7500	0.0000	0.0769	0.0000	0.0000	0.0000	0.1346	0.0288	0.0000	0.0000	0.0000	0.0096
85425	17	8.00	0.4674	0.0978	0.0978	0.1522	0.1087	0.0000	0.0000	0.0000	0.0000	0.0761	0.0000	0.0000
85433	4	17.33	0.6696	0.1130	0.0957	0.0087	0.0087	0.1043	0.0000	0.0000	0.0000	0.0000	0.0000	0.0000
85434	4	8.00	0.8889	0.0000	0.0000	0.0000	0.0000	0.1111	0.0000	0.0000	0.0000	0.0000	0.0000	0.0000
85473	15	16.00	0.3182	0.2727	0.0000	0.0455	0.1364	0.2273	0.0000	0.0000	0.0000	0.0000	0.0000	0.0000
85480	4	10.67	1.0000	0.0000	0.0000	0.0000	0.0000	0.0000	0.0000	0.0000	0.0000	0.0000	0.0000	0.0000
85495	8	8.00	0.6364	0.3182	0.0000	0.0000	0.0455	0.0000	0.0000	0.0000	0.0000	0.0000	0.0000	0.0000
85544	8	8.00	0.6364	0.3182	0.0000	0.0000	0.0455	0.0000	0.0000	0.0000	0.0000	0.0000	0.0000	0.0000
85549	8	8.00	0.6364	0.3182	0.0000	0.0000	0.0455	0.0000	0.0000	0.0000	0.0000	0.0000	0.0000	0.0000
85658	16	1.00	0.9205	0.0000	0.0455	0.0000	0.0000	0.0000	0.0341	0.0000	0.0000	0.0000	0.0000	0.0000
85663	15	8.00	0.0000	0.0870	0.1087	0.0000	0.0870	0.7174	0.0000	0.0000	0.0000	0.0000	0.0000	0.0000
85686	7	4.00	0.4500	0.1500	0.1500	0.2500	0.0000	0.0000	0.0000	0.0000	0.0000	0.0000	0.0000	0.0000
85717	17	1.00	0.9329	0.0134	0.0201	0.0067	0.0067	0.0000	0.0000	0.0201	0.0000	0.0000	0.0000	0.0000
85829	7	2.00	0.3600	0.2000	0.0800	0.0000	0.0800	0.2800	0.0000	0.0000	0.0000	0.0000	0.0000	0.0000