bug#	Dev#	Effort	jdt	jface	core	swt	ui	debug	ltk	text	jdi	search	compare	other
108780	14	313.33	0.9524	0.0000	0.0476	0.0000	0.0000	0.0000	0.0000	0.0000	0.0000	0.0000	0.0000	0.0000
108782	14	312.00	0.9524	0.0000	0.0476	0.0000	0.0000	0.0000	0.0000	0.0000	0.0000	0.0000	0.0000	0.0000
108856	19	334.67	0.9630	0.0000	0.0370	0.0000	0.0000	0.0000	0.0000	0.0000	0.0000	0.0000	0.0000	0.0000
109118	19	257.33	0.9286	0.0000	0.0714	0.0000	0.0000	0.0000	0.0000	0.0000	0.0000	0.0000	0.0000	0.0000
111014	14	45.00	0.9200	0.0000	0.0800	0.0000	0.0000	0.0000	0.0000	0.0000	0.0000	0.0000	0.0000	0.0000
111208	19	52.00	0.9216	0.0000	0.0784	0.0000	0.0000	0.0000	0.0000	0.0000	0.0000	0.0000	0.0000	0.0000
111299	12	24.00	1.0000	0.0000	0.0000	0.0000	0.0000	0.0000	0.0000	0.0000	0.0000	0.0000	0.0000	0.0000
111350	14	80.00	0.9643	0.0000	0.0357	0.0000	0.0000	0.0000	0.0000	0.0000	0.0000	0.0000	0.0000	0.0000
111703	18	10.67	0.9726	0.0000	0.0000	0.0000	0.0000	0.0000	0.0000	0.0000	0.0000	0.0000	0.0000	0.0274
111898	19	30.67	0.9816	0.0000	0.0168	0.0000	0.0000	0.0000	0.0000	0.0008	0.0000	0.0000	0.0000	0.0008
112109	14	135.67	0.9333	0.0000	0.0667	0.0000	0.0000	0.0000	0.0000	0.0000	0.0000	0.0000	0.0000	0.0000
112231	14	48.00	1.0000	0.0000	0.0000	0.0000	0.0000	0.0000	0.0000	0.0000	0.0000	0.0000	0.0000	0.0000
112268	19	20.67	0.8974	0.0000	0.1026	0.0000	0.0000	0.0000	0.0000	0.0000	0.0000	0.0000	0.0000	0.0000
112500	19	1.00	0.8571	0.0000	0.1429	0.0000	0.0000	0.0000	0.0000	0.0000	0.0000	0.0000	0.0000	0.0000
112666	19	29.00	0.8462	0.0000	0.1538	0.0000	0.0000	0.0000	0.0000	0.0000	0.0000	0.0000	0.0000	0.0000
113273	14	47.33	1.0000	0.0000	0.0000	0.0000	0.0000	0.0000	0.0000	0.0000	0.0000	0.0000	0.0000	0.0000
113950	19	94.67	0.8182	0.0000	0.1818	0.0000	0.0000	0.0000	0.0000	0.0000	0.0000	0.0000	0.0000	0.0000
114087	19	63.33	1.0000	0.0000	0.0000	0.0000	0.0000	0.0000	0.0000	0.0000	0.0000	0.0000	0.0000	0.0000
114304	19	47.33	0.8667	0.0000	0.1333	0.0000	0.0000	0.0000	0.0000	0.0000	0.0000	0.0000	0.0000	0.0000
114855	18	21.33	1.0000	0.0000	0.0000	0.0000	0.0000	0.0000	0.0000	0.0000	0.0000	0.0000	0.0000	0.0000
115408	18	28.00	1.0000	0.0000	0.0000	0.0000	0.0000	0.0000	0.0000	0.0000	0.0000	0.0000	0.0000	0.0000
116745	19	20.00	1.0000	0.0000	0.0000	0.0000	0.0000	0.0000	0.0000	0.0000	0.0000	0.0000	0.0000	0.0000
117120	19	63.67	0.9259	0.0031	0.0617	0.0000	0.0000	0.0000	0.0000	0.0062	0.0000	0.0000	0.0000	0.0031
117382	18	1.00	1.0000	0.0000	0.0000	0.0000	0.0000	0.0000	0.0000	0.0000	0.0000	0.0000	0.0000	0.0000
117495	18	10.67	0.7600	0.0000	0.2229	0.0000	0.0000	0.0000	0.0000	0.0000	0.0000	0.0000	0.0000	0.0171
117861	14	8.00	1.0000	0.0000	0.0000	0.0000	0.0000	0.0000	0.0000	0.0000	0.0000	0.0000	0.0000	0.0000
118104	15	86.00	0.4435	0.0887	0.1452	0.0161	0.1129	0.1935	0.0000	0.0000	0.0000	0.0000	0.0000	0.0000
121327	12	194.67	0.9524	0.0000	0.0476	0.0000	0.0000	0.0000	0.0000	0.0000	0.0000	0.0000	0.0000	0.0000
122261	8	55.00	0.3922	0.3137	0.0588	0.0392	0.1373	0.0000	0.0000	0.0588	0.0000	0.0000	0.0000	0.0000
123078	19	1.00	0.8400	0.0000	0.1600	0.0000	0.0000	0.0000	0.0000	0.0000	0.0000	0.0000	0.0000	0.0000