bug#	Dev#	Effort	jdt	jface	core	swt	ui	debug	ltk	text	jdi	search	compare	other
97027	17	87.33	0.87	0.03	0.05	0.00	0.00	0.00	0.03	0.02	0.00	0.00	0.00	0.00
97220	18	254.67	1.00	0.00	0.00	0.00	0.00	0.00	0.00	0.00	0.00	0.00	0.00	0.00
97326	18	288.00	0.93	0.00	0.07	0.00	0.00	0.00	0.00	0.00	0.00	0.00	0.00	0.00
99995	20	133.67	0.77	0.11	0.08	0.03	0.00	0.00	0.00	0.02	0.00	0.00	0.00	0.00
100043	19	181.00	1.00	0.00	0.00	0.00	0.00	0.00	0.00	0.00	0.00	0.00	0.00	0.00
100153	19	162.67	0.86	0.00	0.14	0.00	0.00	0.00	0.00	0.00	0.00	0.00	0.00	0.00
100797	5	112.00	1.00	0.00	0.00	0.00	0.00	0.00	0.00	0.00	0.00	0.00	0.00	0.00
100808	5	113.33	0.89	0.00	0.11	0.00	0.00	0.00	0.00	0.00	0.00	0.00	0.00	0.00
101247	18	63.67	0.94	0.00	0.04	0.00	0.00	0.00	0.00	0.01	0.00	0.00	0.00	0.00
101283	10	112.00	1.00	0.00	0.00	0.00	0.00	0.00	0.00	0.00	0.00	0.00	0.00	0.00
101387	14	109.67	0.94	0.00	0.06	0.00	0.00	0.00	0.00	0.00	0.00	0.00	0.00	0.00
101677	16	391.67	0.35	0.26	0.10	0.14	0.16	0.00	0.00	0.00	0.00	0.00	0.00	0.01
101863	20	354.67	0.87	0.00	0.04	0.00	0.00	0.00	0.07	0.02	0.00	0.00	0.00	0.01
101885	18	22.67	0.87	0.03	0.06	0.00	0.00	0.00	0.00	0.03	0.00	0.00	0.00	0.00
101938	6	238.33	0.82	0.00	0.09	0.00	0.00	0.00	0.09	0.00	0.00	0.00	0.00	0.00
101955	18	30.33	0.94	0.03	0.03	0.01	0.00	0.00	0.00	0.00	0.00	0.00	0.00	0.00
102181	19	44.33	1.00	0.00	0.00	0.00	0.00	0.00	0.00	0.00	0.00	0.00	0.00	0.00
102193	17	110.67	0.91	0.03	0.06	0.00	0.00	0.00	0.00	0.00	0.00	0.00	0.00	0.00
102305	18	12.00	0.82	0.00	0.18	0.00	0.00	0.00	0.00	0.00	0.00	0.00	0.00	0.00
102422	12	388.67	0.80	0.00	0.20	0.00	0.00	0.00	0.00	0.00	0.00	0.00	0.00	0.00
102427	7	156.33	1.00	0.00	0.00	0.00	0.00	0.00	0.00	0.00	0.00	0.00	0.00	0.00
102492	20	438.67	0.50	0.07	0.23	0.07	0.02	0.11	0.00	0.00	0.00	0.00	0.00	0.00
102534	6	206.33	0.90	0.01	0.05	0.00	0.00	0.00	0.02	0.03	0.00	0.00	0.00	0.00
102650	17	65.33	0.66	0.09	0.04	0.00	0.00	0.00	0.00	0.21	0.00	0.00	0.00	0.00
102778	18	1.00	1.00	0.00	0.00	0.00	0.00	0.00	0.00	0.00	0.00	0.00	0.00	0.00
103023	19	1.00	0.93	0.00	0.07	0.00	0.00	0.00	0.00	0.00	0.00	0.00	0.00	0.00
103148	5	37.33	1.00	0.00	0.00	0.00	0.00	0.00	0.00	0.00	0.00	0.00	0.00	0.00
103227	19	44.67	0.93	0.00	0.07	0.00	0.00	0.00	0.00	0.00	0.00	0.00	0.00	0.00
103320	18	29.33	1.00	0.00	0.00	0.00	0.00	0.00	0.00	0.00	0.00	0.00	0.00	0.00
103326	4	119.67	0.53	0.00	0.21	0.00	0.00	0.24	0.00	0.00	0.03	0.00	0.00	0.00
103377	16	247.33	0.84	0.00	0.04	0.00	0.00	0.00	0.10	0.02	0.00	0.00	0.00	0.01
103466	12	409.33	0.66	0.01	0.31	0.00	0.00	0.00	0.00	0.02	0.00	0.00	0.00	0.00
103472	19	3.00	0.96	0.00	0.04	0.00	0.00	0.00	0.00	0.00	0.00	0.00	0.00	0.00
103485	19	63.67	0.90	0.00	0.10	0.00	0.00	0.00	0.00	0.00	0.00	0.00	0.00	0.00
103528	19	63.00	0.88	0.00	0.08	0.00	0.00	0.00	0.00	0.00	0.00	0.00	0.00	0.04
103636	18	16.00	0.97	0.00	0.00	0.00	0.00	0.00	0.00	0.00	0.00	0.00	0.00	0.03
103686	20	269.00	0.91	0.03	0.01	0.01	0.00	0.00	0.00	0.03	0.00	0.00	0.00	0.00
103994	19	39.67	0.97	0.00	0.03	0.00	0.00	0.00	0.00	0.00	0.00	0.00	0.00	0.00
104030	20	215.00	1.00	0.00	0.00	0.00	0.00	0.00	0.00	0.00	0.00	0.00	0.00	0.00
104065	17	102.00	0.36	0.38	0.04	0.09	0.13	0.00	0.00	0.00	0.00	0.00	0.00	0.00
104082	19	29.67	0.89	0.00	0.11	0.00	0.00	0.00	0.00	0.00	0.00	0.00	0.00	0.00
104167	19	8.00	0.89	0.00	0.11	0.00	0.00	0.00	0.00	0.00	0.00	0.00	0.00	0.00
104492	18	5.00	0.95	0.00	0.05	0.00	0.00	0.00	0.00	0.00	0.00	0.00	0.00	0.00
104551	19	8.00	1.00	0.00	0.00	0.00	0.00	0.00	0.00	0.00	0.00	0.00	0.00	0.00
104649	19	27.33	0.86	0.00	0.14	0.00	0.00	0.00	0.00	0.00	0.00	0.00	0.00	0.00
104655	19	8.00	0.93	0.00	0.07	0.00	0.00	0.00	0.00	0.00	0.00	0.00	0.00	0.00
104664	18	32.00	0.97	0.00	0.02	0.00	0.00	0.00	0.00	0.00	0.00	0.00	0.00	0.01
104695	19	375.33	0.97	0.00	0.03	0.00	0.00	0.00	0.00	0.00	0.00	0.00	0.00	0.00
104738	18	37.67	0.99	0.00	0.00	0.00	0.00	0.00	0.00	0.00	0.00	0.00	0.00	0.01
104780	18	109.33	1.00	0.00	0.00	0.00	0.00	0.00	0.00	0.00	0.00	0.00	0.00	0.00
105255	4	84.00	0.00	0.33	0.33	0.22	0.00	0.11	0.00	0.00	0.00	0.00	0.00	0.00
105430	18	488.00	0.93	0.00	0.05	0.00	0.00	0.00	0.00	0.00	0.00	0.00	0.00	0.02
105531	19	117.00	0.95	0.00	0.05	0.00	0.00	0.00	0.00	0.00	0.00	0.00	0.00	0.00
105623	17	43.33	0.15	0.10	0.27	0.28	0.20	0.00	0.00	0.00	0.00	0.00	0.00	0.00
105635	18	79.33	0.89	0.00	0.11	0.00	0.00	0.00	0.00	0.00	0.00	0.00	0.00	0.00
105829	16	199.33	0.78	0.00	0.13	0.00	0.00	0.00	0.09	0.00	0.00	0.00	0.00	0.00
106106	19	68.00	1.00	0.00	0.00	0.00	0.00	0.00	0.00	0.00	0.00	0.00	0.00	0.00
106202	12	230.67	1.00	0.00	0.00	0.00	0.00	0.00	0.00	0.00	0.00	0.00	0.00	0.00
106297	19	13.33	0.97	0.00	0.03	0.00	0.00	0.00	0.00	0.00	0.00	0.00	0.00	0.00
106403	18	30.33	1.00	0.00	0.00	0.00	0.00	0.00	0.00	0.00	0.00	0.00	0.00	0.00
106514	19	21.67	0.95	0.00	0.05	0.00	0.00	0.00	0.00	0.00	0.00	0.00	0.00	0.00
106728	17	336.00	0.61	0.14	0.21	0.00	0.00	0.00	0.00	0.04	0.00	0.00	0.00	0.00
106814	17	53.33	0.76	0.05	0.15	0.00	0.00	0.00	0.00	0.04	0.00	0.00	0.00	0.00
106964	10	23.67	0.89	0.00	0.11	0.00	0.00	0.00	0.00	0.00	0.00	0.00	0.00	0.00
107079	19	37.00	0.86	0.00	0.14	0.00	0.00	0.00	0.00	0.00	0.00	0.00	0.00	0.00
107098	14	282.67	1.00	0.00	0.00	0.00	0.00	0.00	0.00	0.00	0.00	0.00	0.00	0.00
107681	14	230.33	1.00	0.00	0.00	0.00	0.00	0.00	0.00	0.00	0.00	0.00	0.00	0.00
107706	16	3.00	0.74	0.00	0.12	0.00	0.00	0.00	0.12	0.00	0.00	0.00	0.00	0.01
107735	12	79.00	0.70	0.02	0.25	0.00	0.00	0.00	0.00	0.03	0.00	0.00	0.00	0.00
107756	19	85.67	0.96	0.00	0.04	0.00	0.00	0.00	0.00	0.00	0.00	0.00	0.00	0.00
108105	6	46.67	0.63	0.08	0.15	0.03	0.09	0.00	0.01	0.00	0.00	0.00	0.00	0.00
108115	16	39.33	0.82	0.03	0.09	0.00	0.00	0.00	0.05	0.00	0.00	0.00	0.00	0.00
108203	14	190.67	1.00	0.00	0.00	0.00	0.00	0.00	0.00	0.00	0.00	0.00	0.00	0.00
108258	8	60.00	0.00	0.68	0.05	0.27	0.00	0.00	0.00	0.00	0.00	0.00	0.00	0.00
108263	19	71.33	1.00	0.00	0.00	0.00	0.00	0.00	0.00	0.00	0.00	0.00	0.00	0.00
108372	19	71.33	0.87	0.00	0.13	0.00	0.00	0.00	0.00	0.00	0.00	0.00	0.00	0.00
108740	14	197.00	0.89	0.00	0.11	0.00	0.00	0.00	0.00	0.00	0.00	0.00	0.00	0.00
108783	19	40.00	0.94	0.00	0.06	0.00	0.00	0.00	0.00	0.00	0.00	0.00	0.00	0.00
108840	6	8.00	0.76	0.00	0.24	0.00	0.00	0.00	0.00	0.00	0.00	0.00	0.00	0.00
109104	2	102.33	0.00	0.50	0.38	0.13	0.00	0.00	0.00	0.00	0.00	0.00	0.00	0.00
109646	18	0.00	0.96	0.00	0.04	0.00	0.00	0.00	0.00	0.00	0.00	0.00	0.00	0.00
109963	18	73.33	0.95	0.01	0.04	0.00	0.00	0.00	0.00	0.00	0.00	0.00	0.00	0.00
110563	19	6.00	1.00	0.00	0.00	0.00	0.00	0.00	0.00	0.00	0.00	0.00	0.00	0.00
110570	19	5.00	0.85	0.00	0.15	0.00	0.00	0.00	0.00	0.00	0.00	0.00	0.00	0.00
110738	14	8.00	1.00	0.00	0.00	0.00	0.00	0.00	0.00	0.00	0.00	0.00	0.00	0.00
110826	18	1.00	0.92	0.00	0.00	0.00	0.00	0.00	0.00	0.00	0.00	0.00	0.00	0.08