Bug#	Dev#	Effort	Prof 1	Prof 2	Prof 3	Prof 4	Prof 5	Prof 6	Prof 7	Prof 8	Prof 9	Prof 10	Prof 11	Prof 12
72230	12	26	1.0000	0.0000	0.0000	0.0000	0.0000	0.0000	0.0000	0.0000	0.0000	0.0000	0.0000	0.0000
72233	18	9	0.9563	0.0000	0.0375	0.0000	0.0000	0.0000	0.0000	0.0000	0.0000	0.0000	0.0000	0.0063
72238	5	1	1.0000	0.0000	0.0000	0.0000	0.0000	0.0000	0.0000	0.0000	0.0000	0.0000	0.0000	0.0000
72248	18	7	0.9331	0.0000	0.0669	0.0000	0.0000	0.0000	0.0000	0.0000	0.0000	0.0000	0.0000	0.0000
72348	12	69	0.9383	0.0000	0.0617	0.0000	0.0000	0.0000	0.0000	0.0000	0.0000	0.0000	0.0000	0.0000
72352	5	73	1.0000	0.0000	0.0000	0.0000	0.0000	0.0000	0.0000	0.0000	0.0000	0.0000	0.0000	0.0000
72371	11	1	0.3448	0.0000	0.4368	0.0000	0.0000	0.2184	0.0000	0.0000	0.0000	0.0000	0.0000	0.0000
72388	6	427	0.7547	0.0377	0.1698	0.0189	0.0189	0.0000	0.0000	0.0000	0.0000	0.0000	0.0000	0.0000
72501	5	43	0.9589	0.0000	0.0411	0.0000	0.0000	0.0000	0.0000	0.0000	0.0000	0.0000	0.0000	0.0000
72510	16	530	0.6986	0.0137	0.1233	0.0000	0.0000	0.0000	0.1507	0.0137	0.0000	0.0000	0.0000	0.0000
72520	6	22	0.5976	0.0000	0.2840	0.0000	0.0000	0.0000	0.1183	0.0000	0.0000	0.0000	0.0000	0.0000
72547	9	242	0.2200	0.1500	0.1500	0.2000	0.2200	0.0600	0.0000	0.0000	0.0000	0.0000	0.0000	0.0000
72553	3	0	0.2321	0.2679	0.0179	0.4286	0.0536	0.0000	0.0000	0.0000	0.0000	0.0000	0.0000	0.0000
72560	18	22	1.0000	0.0000	0.0000	0.0000	0.0000	0.0000	0.0000	0.0000	0.0000	0.0000	0.0000	0.0000
72683	12	476	0.7280	0.0038	0.2605	0.0000	0.0000	0.0000	0.0000	0.0077	0.0000	0.0000	0.0000	0.0000
72684	12	356	0.9368	0.0000	0.0632	0.0000	0.0000	0.0000	0.0000	0.0000	0.0000	0.0000	0.0000	0.0000
72772	14	100	0.8421	0.0000	0.1579	0.0000	0.0000	0.0000	0.0000	0.0000	0.0000	0.0000	0.0000	0.0000
72780	7	103	0.7784	0.0000	0.1598	0.0000	0.0000	0.0619	0.0000	0.0000	0.0000	0.0000	0.0000	0.0000
72792	15	1	0.4921	0.0000	0.2698	0.0000	0.0000	0.2222	0.0000	0.0000	0.0159	0.0000	0.0000	0.0000
72795	7	1	0.5094	0.0660	0.0849	0.0377	0.0660	0.2358	0.0000	0.0000	0.0000	0.0000	0.0000	0.0000
72798	7	1	0.4722	0.0972	0.2083	0.0278	0.0000	0.1944	0.0000	0.0000	0.0000	0.0000	0.0000	0.0000
72801	15	1	0.0000	0.0000	0.1667	0.0000	0.0000	0.8333	0.0000	0.0000	0.0000	0.0000	0.0000	0.0000
72859	18	222	0.9520	0.0000	0.0480	0.0000	0.0000	0.0000	0.0000	0.0000	0.0000	0.0000	0.0000	0.0000
72882	18	194	0.9274	0.0000	0.0726	0.0000	0.0000	0.0000	0.0000	0.0000	0.0000	0.0000	0.0000	0.0000
72889	18	196	0.9274	0.0000	0.0726	0.0000	0.0000	0.0000	0.0000	0.0000	0.0000	0.0000	0.0000	0.0000
72891	18	195	0.9565	0.0000	0.0435	0.0000	0.0000	0.0000	0.0000	0.0000	0.0000	0.0000	0.0000	0.0000
72912	6	189	0.8140	0.0698	0.0116	0.0000	0.0698	0.0000	0.0349	0.0000	0.0000	0.0000	0.0000	0.0000
72923	16	81	0.5833	0.1667	0.1667	0.0556	0.0278	0.0000	0.0000	0.0000	0.0000	0.0000	0.0000	0.0000
72942	5	1	1.0000	0.0000	0.0000	0.0000	0.0000	0.0000	0.0000	0.0000	0.0000	0.0000	0.0000	0.0000
72946	5	51	0.7077	0.0154	0.2462	0.0000	0.0000	0.0000	0.0000	0.0308	0.0000	0.0000	0.0000	0.0000
72962	17	19	0.6250	0.0625	0.1563	0.0625	0.0938	0.0000	0.0000	0.0000	0.0000	0.0000	0.0000	0.0000
72992	2	21	0.7429	0.1714	0.0286	0.0571	0.0000	0.0000	0.0000	0.0000	0.0000	0.0000	0.0000	0.0000
73018	3	18	0.4400	0.1600	0.2400	0.0400	0.0800	0.0400	0.0000	0.0000	0.0000	0.0000	0.0000	0.0000
73048	18	149	0.9478	0.0000	0.0522	0.0000	0.0000	0.0000	0.0000	0.0000	0.0000	0.0000	0.0000	0.0000
73198	7	259	0.9605	0.0000	0.0175	0.0000	0.0000	0.0219	0.0000	0.0000	0.0000	0.0000	0.0000	0.0000
73232	4	6	1.0000	0.0000	0.0000	0.0000	0.0000	0.0000	0.0000	0.0000	0.0000	0.0000	0.0000	0.0000
73245	14	96	1.0000	0.0000	0.0000	0.0000	0.0000	0.0000	0.0000	0.0000	0.0000	0.0000	0.0000	0.0000
73254	1	412	0.6923	0.0385	0.2308	0.0385	0.0000	0.0000	0.0000	0.0000	0.0000	0.0000	0.0000	0.0000
73255	12	66	0.6667	0.0000	0.3333	0.0000	0.0000	0.0000	0.0000	0.0000	0.0000	0.0000	0.0000	0.0000
73286	14	115	1.0000	0.0000	0.0000	0.0000	0.0000	0.0000	0.0000	0.0000	0.0000	0.0000	0.0000	0.0000
73336	10	217	0.8491	0.0000	0.1509	0.0000	0.0000	0.0000	0.0000	0.0000	0.0000	0.0000	0.0000	0.0000
73337	17	94	0.3061	0.1224	0.1429	0.4082	0.0204	0.0000	0.0000	0.0000	0.0000	0.0000	0.0000	0.0000
73347	17	2	0.9726	0.0000	0.0137	0.0137	0.0000	0.0000	0.0000	0.0000	0.0000	0.0000	0.0000	0.0000
73356	12	238	0.6167	0.0000	0.3833	0.0000	0.0000	0.0000	0.0000	0.0000	0.0000	0.0000	0.0000	0.0000
73371	18	3	0.9430	0.0000	0.0443	0.0000	0.0000	0.0000	0.0000	0.0127	0.0000	0.0000	0.0000	0.0000
73479	10	113	1.0000	0.0000	0.0000	0.0000	0.0000	0.0000	0.0000	0.0000	0.0000	0.0000	0.0000	0.0000
73486	7	1	0.0833	0.0000	0.0000	0.0000	0.0000	0.0000	0.0000	0.0000	0.9167	0.0000	0.0000	0.0000
73530	18	8	0.8750	0.0000	0.1250	0.0000	0.0000	0.0000	0.0000	0.0000	0.0000	0.0000	0.0000	0.0000
73561	18	1	0.9500	0.0000	0.0389	0.0000	0.0000	0.0000	0.0000	0.0000	0.0000	0.0000	0.0000	0.0111
73573	5	22	1.0000	0.0000	0.0000	0.0000	0.0000	0.0000	0.0000	0.0000	0.0000	0.0000	0.0000	0.0000
73579	2	15	0.3621	0.3966	0.0172	0.1207	0.1034	0.0000	0.0000	0.0000	0.0000	0.0000	0.0000	0.0000
73678	14	98	1.0000	0.0000	0.0000	0.0000	0.0000	0.0000	0.0000	0.0000	0.0000	0.0000	0.0000	0.0000
73680	7	2	1.0000	0.0000	0.0000	0.0000	0.0000	0.0000	0.0000	0.0000	0.0000	0.0000	0.0000	0.0000
73696	14	73	0.7593	0.0000	0.2407	0.0000	0.0000	0.0000	0.0000	0.0000	0.0000	0.0000	0.0000	0.0000
73700	9	217	0.4000	0.1765	0.0941	0.2000	0.0588	0.0706	0.0000	0.0000	0.0000	0.0000	0.0000	0.0000
73740	19	171	1.0000	0.0000	0.0000	0.0000	0.0000	0.0000	0.0000	0.0000	0.0000	0.0000	0.0000	0.0000
73762	12	46	0.9457	0.0000	0.0486	0.0000	0.0000	0.0000	0.0000	0.0000	0.0000	0.0000	0.0000	0.0057
73794	4	1	1.0000	0.0000	0.0000	0.0000	0.0000	0.0000	0.0000	0.0000	0.0000	0.0000	0.0000	0.0000
73822	4	70	1.0000	0.0000	0.0000	0.0000	0.0000	0.0000	0.0000	0.0000	0.0000	0.0000	0.0000	0.0000
73864	3	11	0.7278	0.0443	0.0759	0.0127	0.0380	0.1013	0.0000	0.0000	0.0000	0.0000	0.0000	0.0000
73884	10	18	0.8824	0.0000	0.1176	0.0000	0.0000	0.0000	0.0000	0.0000	0.0000	0.0000	0.0000	0.0000
73891	12	47	0.7059	0.0000	0.2941	0.0000	0.0000	0.0000	0.0000	0.0000	0.0000	0.0000	0.0000	0.0000
73896	18	1	0.9274	0.0000	0.0726	0.0000	0.0000	0.0000	0.0000	0.0000	0.0000	0.0000	0.0000	0.0000
73961	18	32	0.9741	0.0000	0.0259	0.0000	0.0000	0.0000	0.0000	0.0000	0.0000	0.0000	0.0000	0.0000
73983	4	1	0.0000	0.4348	0.1739	0.0435	0.3478	0.0000	0.0000	0.0000	0.0000	0.0000	0.0000	0.0000
73987	4	171	0.1925	0.1425	0.1725	0.0500	0.1275	0.3025	0.0000	0.0000	0.0025	0.0000	0.0000	0.0100
73992	3	191	0.5355	0.0774	0.1677	0.0129	0.0774	0.1290	0.0000	0.0000	0.0000	0.0000	0.0000	0.0000
74085	15	102	0.0000	0.2000	0.0000	0.0000	0.8000	0.0000	0.0000	0.0000	0.0000	0.0000	0.0000	0.0000
74233	1	1	0.2813	0.2188	0.2813	0.1563	0.0625	0.0000	0.0000	0.0000	0.0000	0.0000	0.0000	0.0000
74244	19	10	1.0000	0.0000	0.0000	0.0000	0.0000	0.0000	0.0000	0.0000	0.0000	0.0000	0.0000	0.0000
74262	3	13	0.7105	0.0000	0.1316	0.0000	0.0000	0.0000	0.1579	0.0000	0.0000	0.0000	0.0000	0.0000
74320	19	1	0.9429	0.0000	0.0571	0.0000	0.0000	0.0000	0.0000	0.0000	0.0000	0.0000	0.0000	0.0000
74355	18	1	0.9730	0.0000	0.0000	0.0000	0.0000	0.0000	0.0000	0.0000	0.0000	0.0000	0.0000	0.0270
74420	14	30	1.0000	0.0000	0.0000	0.0000	0.0000	0.0000	0.0000	0.0000	0.0000	0.0000	0.0000	0.0000
74504	8	25	0.3825	0.3018	0.0737	0.1018	0.1368	0.0000	0.0000	0.0000	0.0000	0.0000	0.0000	0.0035
74513	8	5	0.4857	0.3857	0.0214	0.0429	0.0643	0.0000	0.0000	0.0000	0.0000	0.0000	0.0000	0.0000
74514	19	1	1.0000	0.0000	0.0000	0.0000	0.0000	0.0000	0.0000	0.0000	0.0000	0.0000	0.0000	0.0000
74519	18	6	0.9844	0.0000	0.0000	0.0000	0.0000	0.0000	0.0000	0.0000	0.0000	0.0000	0.0000	0.0156
74592	14	3	1.0000	0.0000	0.0000	0.0000	0.0000	0.0000	0.0000	0.0000	0.0000	0.0000	0.0000	0.0000
74601	3	23	0.2321	0.2679	0.0179	0.4286	0.0536	0.0000	0.0000	0.0000	0.0000	0.0000	0.0000	0.0000
74934	5	2	1.0000	0.0000	0.0000	0.0000	0.0000	0.0000	0.0000	0.0000	0.0000	0.0000	0.0000	0.0000
109777	4	1	0.0000	0.1000	0.3000	0.0000	0.2000	0.4000	0.0000	0.0000	0.0000	0.0000	0.0000	0.0000