bug#	Dev#	Effort	Prof 1	Prof 2	Prof 3	Prof 4	Prof 5	Prof 6	Prof 7	Prof 8	Prof 9	Prof 10	Prof 11	Prof 12
18608	3	681.49	255.56	0.00	51.11	0.00	51.11	51.11	51.11	25.56	25.56	0.00	0.00	170.37
37681	22	363.23	136.21	0.00	27.24	0.00	27.24	27.24	27.24	13.62	13.62	0.00	0.00	90.81
39205	25	303.07	113.65	0.00	22.73	0.00	22.73	22.73	22.73	11.36	11.36	0.00	0.00	75.77
39404	56	279.44	116.44	0.00	23.29	0.00	23.29	23.29	23.29	11.64	11.64	0.00	0.00	46.57
40003	1	333.63	125.11	0.00	25.02	0.00	25.02	25.02	25.02	12.51	12.51	0.00	0.00	83.41
40083	56	302.54	113.45	0.00	22.69	0.00	22.69	22.69	22.69	11.35	11.35	0.00	0.00	75.63
41164	75	287.88	95.96	0.00	19.19	0.00	19.19	19.19	19.19	9.60	9.60	0.00	95.96	0.00
41172	57	254.77	105.23	0.00	21.05	0.00	21.05	21.05	21.05	10.52	10.52	0.00	44.31	0.00
41376	32	283.01	106.13	0.00	21.23	0.00	21.23	21.23	21.23	10.61	10.61	0.00	70.75	0.00
42176	59	230.08	100.66	0.00	20.13	0.00	20.13	20.13	20.13	10.07	10.07	0.00	28.76	0.00
42313	30	214.04	85.61	0.00	17.12	0.00	17.12	17.12	17.12	8.56	8.56	0.00	42.81	0.00
42368	59	245.47	102.28	0.00	20.46	0.00	20.46	20.46	20.46	10.23	10.23	0.00	40.91	0.00
42424	49	258.68	107.78	0.00	21.56	0.00	21.56	21.56	21.56	10.78	10.78	0.00	43.11	0.00
42486	3	288.89	140.74	0.00	28.15	0.00	28.15	28.15	28.15	14.07	14.07	0.00	7.41	0.00
43821	75	174.12	87.06	0.00	17.41	0.00	17.41	17.41	17.41	8.71	8.71	0.00	0.00	0.00
44075	75	221.73	110.87	0.00	22.17	0.00	22.17	22.17	22.17	11.09	11.09	0.00	0.00	0.00
44719	3	174.53	87.27	0.00	17.45	0.00	17.45	17.45	17.45	8.73	8.73	0.00	0.00	0.00
44814	22	841.03	420.52	0.00	84.10	0.00	84.10	84.10	84.10	42.05	42.05	0.00	0.00	0.00
45383	56	140.81	70.41	0.00	14.08	0.00	14.08	14.08	14.08	7.04	7.04	0.00	0.00	0.00
45449	56	156.00	78.00	0.00	15.60	0.00	15.60	15.60	15.60	7.80	7.80	0.00	0.00	0.00
45636	25	154.57	77.29	0.00	15.46	0.00	15.46	15.46	15.46	7.73	7.73	0.00	0.00	0.00
45656	14	173.50	86.75	0.00	17.35	0.00	17.35	17.35	17.35	8.68	8.68	0.00	0.00	0.00
45691	50	137.86	68.93	0.00	13.79	0.00	13.79	13.79	13.79	6.89	6.89	0.00	0.00	0.00
47054	22	126.22	63.11	0.00	12.62	0.00	12.62	12.62	12.62	6.31	6.31	0.00	0.00	0.00
47061	49	150.48	75.24	0.00	15.05	0.00	15.05	15.05	15.05	7.52	7.52	0.00	0.00	0.00
47150	75	154.23	77.11	0.00	15.42	0.00	15.42	15.42	15.42	7.71	7.71	0.00	0.00	0.00
47164	15	114.69	57.34	0.00	11.47	0.00	11.47	11.47	11.47	5.73	5.73	0.00	0.00	0.00
47193	56	149.82	74.91	0.00	14.98	0.00	14.98	14.98	14.98	7.49	7.49	0.00	0.00	0.00
47285	50	125.51	62.76	0.00	12.55	0.00	12.55	12.55	12.55	6.28	6.28	0.00	0.00	0.00
47295	50	166.24	83.12	0.00	16.62	0.00	16.62	16.62	16.62	8.31	8.31	0.00	0.00	0.00
47499	25	121.86	60.93	0.00	12.19	0.00	12.19	12.19	12.19	6.09	6.09	0.00	0.00	0.00
48667	75	136.29	68.15	0.00	13.63	0.00	13.63	13.63	13.63	6.81	6.81	0.00	0.00	0.00
48671	56	122.33	61.17	0.00	12.23	0.00	12.23	12.23	12.23	6.12	6.12	0.00	0.00	0.00
48827	33	98.78	49.39	0.00	9.88	0.00	9.88	9.88	9.88	4.94	4.94	0.00	0.00	0.00
48856	33	144.85	72.42	0.00	14.48	0.00	14.48	14.48	14.48	7.24	7.24	0.00	0.00	0.00
49019	56	96.63	48.32	0.00	9.66	0.00	9.66	9.66	9.66	4.83	4.83	0.00	0.00	0.00
49117	46	139.40	69.70	0.00	13.94	0.00	13.94	13.94	13.94	6.97	6.97	0.00	0.00	0.00
49494	59	137.10	68.55	0.00	13.71	0.00	13.71	13.71	13.71	6.86	6.86	0.00	0.00	0.00
49700	75	115.30	57.65	0.00	11.53	0.00	11.53	11.53	11.53	5.77	5.77	0.00	0.00	0.00
49744	3	111.51	55.76	0.00	11.15	0.00	11.15	11.15	11.15	5.58	5.58	0.00	0.00	0.00
49830	23	73.41	36.71	0.00	7.34	0.00	7.34	7.34	7.34	3.67	3.67	0.00	0.00	0.00
50174	20	110.51	55.26	0.00	11.05	0.00	11.05	11.05	11.05	5.53	5.53	0.00	0.00	0.00
50428	56	90.00	45.00	0.00	9.00	0.00	9.00	9.00	9.00	4.50	4.50	0.00	0.00	0.00
50475	56	56.01	28.01	0.00	5.60	0.00	5.60	5.60	5.60	2.80	2.80	0.00	0.00	0.00
50519	71	63.48	31.74	0.00	6.35	0.00	6.35	6.35	6.35	3.17	3.17	0.00	0.00	0.00
50602	75	94.29	47.15	0.00	9.43	0.00	9.43	9.43	9.43	4.71	4.71	0.00	0.00	0.00
50618	46	152.91	76.46	0.00	15.29	0.00	15.29	15.29	15.29	7.65	7.65	0.00	0.00	0.00
50723	75	97.83	48.91	0.00	9.78	0.00	9.78	9.78	9.78	4.89	4.89	0.00	0.00	0.00
50804	19	365.49	182.75	0.00	36.55	0.00	36.55	36.55	36.55	18.27	18.27	0.00	0.00	0.00
50823	3	83.02	41.51	0.00	8.30	0.00	8.30	8.30	8.30	4.15	4.15	0.00	0.00	0.00
51073	25	692.36	346.18	0.00	69.24	0.00	69.24	69.24	69.24	34.62	34.62	0.00	0.00	0.00
51084	14	60.22	30.11	0.00	6.02	0.00	6.02	6.02	6.02	3.01	3.01	0.00	0.00	0.00
51215	50	57.96	28.98	0.00	5.80	0.00	5.80	5.80	5.80	2.90	2.90	0.00	0.00	0.00
51381	15	81.52	40.76	0.00	8.15	0.00	8.15	8.15	8.15	4.08	4.08	0.00	0.00	0.00
51416	14	57.20	28.60	0.00	5.72	0.00	5.72	5.72	5.72	2.86	2.86	0.00	0.00	0.00
51435	14	74.12	37.06	0.00	7.41	0.00	7.41	7.41	7.41	3.71	3.71	0.00	0.00	0.00
51781	50	83.68	41.84	0.00	8.37	0.00	8.37	8.37	8.37	4.18	4.18	0.00	0.00	0.00
51791	1	57.29	28.64	0.00	5.73	0.00	5.73	5.73	5.73	2.86	2.86	0.00	0.00	0.00
51837	75	85.46	42.73	0.00	8.55	0.00	8.55	8.55	8.55	4.27	4.27	0.00	0.00	0.00
51894	20	84.93	42.47	0.00	8.49	0.00	8.49	8.49	8.49	4.25	4.25	0.00	0.00	0.00
51901	14	48.91	24.45	0.00	4.89	0.00	4.89	4.89	4.89	2.45	2.45	0.00	0.00	0.00
51913	39	45.18	22.59	0.00	4.52	0.00	4.52	4.52	4.52	2.26	2.26	0.00	0.00	0.00
51916	32	75.20	37.60	0.00	7.52	0.00	7.52	7.52	7.52	3.76	3.76	0.00	0.00	0.00
59585	27	27.45	12.48	0.00	2.50	0.00	4.99	2.50	2.50	1.25	1.25	0.00	0.00	0.00
59706	49	13.81	6.04	0.00	1.21	0.00	2.93	1.21	1.21	0.60	0.60	0.00	0.00	0.00
59710	56	0.86	0.40	0.00	0.08	0.00	0.15	0.08	0.08	0.04	0.04	0.00	0.00	0.00
59727	75	25.69	11.24	0.00	2.25	0.00	5.46	2.25	2.25	1.12	1.12	0.00	0.00	0.00
59729	14	4.24	2.03	0.00	0.41	0.00	0.59	0.41	0.41	0.20	0.20	0.00	0.00	0.00
59735	3	33.61	15.99	0.00	3.20	0.00	4.84	3.20	3.20	1.60	1.60	0.00	0.00	0.00
59737	50	17.62	8.01	0.00	1.60	0.00	3.20	1.60	1.60	0.80	0.80	0.00	0.00	0.00
59739	73	3.39	1.49	0.00	0.30	0.00	0.71	0.30	0.30	0.15	0.15	0.00	0.00	0.00
59755	50	3.36	1.54	0.00	0.31	0.00	0.59	0.31	0.31	0.15	0.15	0.00	0.00	0.00
59764	39	75.37	34.99	0.00	7.00	0.00	12.38	7.00	7.00	3.50	3.50	0.00	0.00	0.00
59773	1	12.83	5.50	0.00	1.10	0.00	2.93	1.10	1.10	0.55	0.55	0.00	0.00	0.00
59776	50	10.12	4.34	0.00	0.87	0.00	2.31	0.87	0.87	0.43	0.43	0.00	0.00	0.00
59782	75	25.06	9.40	0.00	1.88	0.00	8.14	1.88	1.88	0.94	0.94	0.00	0.00	0.00
59784	75	26.22	11.80	0.00	2.36	0.00	4.98	2.36	2.36	1.18	1.18	0.00	0.00	0.00
60989	1	0.52	0.25	0.00	0.05	0.00	0.07	0.05	0.05	0.03	0.03	0.00	0.00	0.00
60997	46	62.34	24.94	0.00	4.99	0.00	17.45	4.99	4.99	2.49	2.49	0.00	0.00	0.00
61004	75	14.32	4.77	0.00	0.95	0.00	5.73	0.95	0.95	0.48	0.48	0.00	0.00	0.00
61018	50	13.19	5.28	0.00	1.06	0.00	3.69	1.06	1.06	0.53	0.53	0.00	0.00	0.00
61025	3	3.59	1.76	0.00	0.35	0.00	0.41	0.35	0.35	0.18	0.18	0.00	0.00	0.00
61026	3	5.65	2.35	0.00	0.47	0.00	1.41	0.47	0.47	0.24	0.24	0.00	0.00	0.00
61047	57	12.22	5.67	0.00	1.13	0.00	2.01	1.13	1.13	0.57	0.57	0.00	0.00	0.00
61050	20	0.09	0.04	0.00	0.01	0.00	0.01	0.01	0.01	0.00	0.00	0.00	0.00	0.00
61216	75	13.12	6.17	0.00	1.23	0.00	2.01	1.23	1.23	0.62	0.62	0.00	0.00	0.00
61219	39	0.08	0.03	0.00	0.01	0.00	0.01	0.01	0.01	0.00	0.00	0.00	0.00	0.00
61221	50	2.54	1.14	0.00	0.23	0.00	0.48	0.23	0.23	0.11	0.11	0.00	0.00	0.00
61224	3	1.27	0.56	0.00	0.11	0.00	0.25	0.11	0.11	0.06	0.06	0.00	0.00	0.00
61236	75	13.18	5.99	0.00	1.20	0.00	2.40	1.20	1.20	0.60	0.60	0.00	0.00	0.00
61238	46	12.10	5.50	0.00	1.10	0.00	2.20	1.10	1.10	0.55	0.55	0.00	0.00	0.00
61239	69	14.05	4.68	0.00	0.94	0.00	5.62	0.94	0.94	0.47	0.47	0.00	0.00	0.00
61925	75	7.21	3.34	0.00	0.67	0.00	1.20	0.67	0.67	0.33	0.33	0.00	0.00	0.00
61941	1	21.27	9.82	0.00	1.96	0.00	3.60	1.96	1.96	0.98	0.98	0.00	0.00	0.00
63298	21	0.94	0.44	0.00	0.09	0.00	0.15	0.09	0.09	0.04	0.04	0.00	0.00	0.00
63345	39	0.03	0.01	0.00	0.00	0.00	0.01	0.00	0.00	0.00	0.00	0.00	0.00	0.00
63348	14	0.61	0.27	0.00	0.05	0.00	0.12	0.05	0.05	0.03	0.03	0.00	0.00	0.00
63401	73	2.79	1.27	0.00	0.25	0.00	0.51	0.25	0.25	0.13	0.13	0.00	0.00	0.00
63474	15	558.85	259.46	0.00	51.89	0.00	91.81	51.89	51.89	25.95	25.95	0.00	0.00	0.00